line_id,bus0_id,bus1_id,voltage_kv,length_pdf,in_csv,geometry,connection_type,length_km,r_pu,x_pu,b_pu,rating_mva,region,is_transformer,from_rid,to_rid
L0001,0,1,66,79.081,False,"[[480.6, 147.631], [486.36, 153.031], [496.32, 183.631], [498.264, 183.792], [500.208, 183.952], [502.152, 184.11], [504.096, 184.267], [506.04, 184.422], [507.984, 184.577], [509.928, 184.731], [511.872, 184.885], [513.816, 185.038], [515.76, 185.191], [517.704, 185.344], [519.648, 185.497], [521.592, 185.651], [523.536, 185.805], [525.48, 185.96], [527.424, 186.116], [529.368, 186.273], [531.312, 186.431], [533.256, 186.59], [535.2, 186.751]]",actual,13.4438,0.009259,0.118204,0.00160457,50.0,01,,,
L0002,0,2,66,38.067,False,"[[464.52, 180.151], [464.64, 169.711], [480.24, 146.911]]",actual,6.4714,0.004457,0.0569,0.00077239,50.0,01,,,
L0003,0,3,66,32.019,False,"[[481.56, 146.911], [470.52, 136.711], [469.44, 129.991], [470.88, 119.911]]",actual,5.4432,0.003749,0.047859,0.00064967,50.0,01,,,
L0004,0,9,66,14.122,False,"[[498.48, 138.391], [495.48, 124.591]]",actual,2.4007,0.001653,0.021108,0.00028654,50.0,01,,,
L0005,0,7,66,14.118,False,"[[509.4, 131.311], [496.92, 137.911]]",actual,2.4001,0.001653,0.021102,0.00028646,50.0,01,,,
L0006,0,22,66,19.525,False,"[[490.08, 141.751], [486.6, 131.911], [486.149, 131.826], [485.697, 131.751], [485.243, 131.685], [484.788, 131.625], [484.333, 131.572], [483.877, 131.523], [483.421, 131.479], [482.965, 131.437], [482.51, 131.396], [482.055, 131.356], [481.601, 131.315], [481.148, 131.272], [480.697, 131.225], [480.247, 131.174], [479.799, 131.118], [479.354, 131.055], [478.911, 130.984], [478.471, 130.904], [478.034, 130.813], [477.6, 130.711]]",actual,3.3192,0.002286,0.029184,0.00039617,50.0,01,,,
L0007,0,25,66,12.283,False,"[[467.52, 141.991], [479.4, 145.111]]",actual,2.0881,0.001438,0.01836,0.00024923,50.0,01,,,
L0008,0,26,66,26.57,False,"[[454.2, 158.671], [478.2, 147.271]]",actual,4.5169,0.003111,0.039715,0.00053911,50.0,01,,,
L0009,1,4,66,21.388,False,"[[533.88, 187.711], [529.44, 198.631], [519.84, 198.631]]",actual,3.636,0.002504,0.031969,0.00043397,50.0,01,,,
L0010,1,14,66,22.395,False,"[[550.92, 197.791], [530.52, 188.551]]",actual,3.8072,0.002622,0.033474,0.0004544,50.0,01,,,
L0011,1,16,66,31.96,False,"[[533.88, 188.071], [537.48, 179.911], [537.72, 156.871]]",actual,5.4332,0.003742,0.047771,0.00064848,50.0,01,,,
L0012,5,6,66,13.967,False,"[[545.4, 83.191], [554.4, 93.871]]",actual,2.3744,0.001635,0.020877,0.00028339,50.0,01,,,
L0013,5,12,66,17.542,False,"[[547.56, 79.711], [557.04, 64.951]]",actual,2.9821,0.002054,0.02622,0.00035593,50.0,01,,,
L0014,5,23,66,16.175,False,"[[538.68, 92.911], [547.68, 79.471]]",actual,2.7498,0.001894,0.024177,0.00032819,50.0,01,,,
L0015,7,8,66,20.696,False,"[[520.08, 125.431], [524.76, 145.591]]",actual,3.5183,0.002423,0.030935,0.00041993,50.0,01,,,
L0016,7,10,66,26.631,False,"[[510.6, 100.831], [520.2, 125.671]]",actual,4.5273,0.003118,0.039806,0.00054035,50.0,01,,,
L0017,8,11,66,34.609,False,"[[505.68, 117.511], [513.6, 135.991], [518.16, 139.231], [522.0, 147.271]]",actual,5.8835,0.004052,0.051731,0.00070223,50.0,01,,,
L0018,8,16,66,14.079,False,"[[537.72, 156.871], [526.08, 148.951]]",actual,2.3934,0.001648,0.021044,0.00028567,50.0,01,,,
L0019,10,23,66,11.819,False,"[[527.64, 95.671], [539.04, 92.551]]",actual,2.0092,0.001384,0.017666,0.00023981,50.0,01,,,
L0020,12,13,66,123.65,False,"[[555.96, 66.391], [570.36, 84.991], [576.72, 89.551], [582.96, 104.911], [582.96, 115.951], [573.6, 135.631], [581.88, 150.991], [581.88, 176.431]]",actual,21.0205,0.014477,0.184822,0.00250889,50.0,01,,,
L0021,12,24,66,13.225,False,"[[556.44, 65.551], [567.12, 57.751]]",actual,2.2483,0.001548,0.019768,0.00026834,50.0,01,,,
L0022,13,15,66,16.431,False,"[[578.28, 180.271], [562.68, 175.111]]",actual,2.7933,0.001924,0.02456,0.00033339,50.0,01,,,
L0023,13,31,66,68.671,False,"[[580.08, 183.631], [579.343, 183.577], [578.607, 183.523], [577.873, 183.469], [577.14, 183.415], [576.409, 183.361], [575.678, 183.307], [574.948, 183.253], [574.218, 183.199], [573.489, 183.145], [572.76, 183.091], [572.031, 183.037], [571.302, 182.983], [570.572, 182.929], [569.842, 182.875], [569.111, 182.821], [568.38, 182.767], [567.647, 182.713], [566.913, 182.659], [566.177, 182.605], [565.44, 182.551], [556.44, 200.551], [557.663, 201.69], [558.885, 202.839], [560.105, 203.997], [561.324, 205.162], [562.543, 206.334], [563.761, 207.511], [564.979, 208.692], [566.197, 209.877], [567.416, 211.063], [568.635, 212.251], [569.855, 213.439], [571.076, 214.626], [572.299, 215.81], [573.523, 216.992], [574.749, 218.169], [575.978, 219.34], [577.209, 220.505], [578.443, 221.663], [579.68, 222.812], [580.92, 223.951]]",actual,11.6741,0.00804,0.102644,0.00139335,50.0,01,,,
L0024,14,15,66,25.548,False,"[[562.68, 175.111], [550.92, 197.791]]",actual,4.3432,0.002991,0.038187,0.00051838,50.0,01,,,
L0025,16,29,66,11.001,False,"[[528.0, 163.951], [534.96, 155.431]]",actual,1.8702,0.001288,0.016443,0.00022321,50.0,01,,,
L0026,18,19,66,20.459,False,"[[571.44, 85.471], [574.08, 96.991], [570.12, 104.671]]",actual,3.478,0.002395,0.03058,0.00041512,50.0,01,,,
L0027,20,21,66,19.27,False,"[[491.88, 169.471], [509.28, 161.191]]",actual,3.2759,0.002256,0.028803,0.00039099,50.0,01,,,
L0028,25,30,66,19.366,False,"[[460.68, 124.711], [468.12, 142.591]]",actual,3.2922,0.002267,0.028947,0.00039294,50.0,01,,,
L0029,27,28,66,12.141,False,"[[464.64, 153.511], [455.76, 145.231]]",actual,2.064,0.001421,0.018147,0.00024634,50.0,01,,,
L0030,32,33,66,16.253,False,"[[573.36, 216.871], [568.8, 232.471]]",actual,2.763,0.001903,0.024294,0.00032978,50.0,01,,,
171C,34,38,66,83.4,False,"[[486.48, 672.751], [490.08, 689.791], [480.0, 713.791], [479.531, 713.774], [479.026, 713.759], [478.49, 713.744], [477.925, 713.732], [477.337, 713.72], [476.73, 713.709], [476.106, 713.699], [475.471, 713.689], [474.827, 713.68], [474.18, 713.671], [473.533, 713.662], [472.889, 713.653], [472.254, 713.643], [471.63, 713.633], [471.022, 713.622], [470.435, 713.611], [469.87, 713.598], [469.334, 713.584], [468.829, 713.568], [468.36, 713.551], [464.76, 685.471]]",actual,14.178,0.009764,0.12466,0.00169221,50.0,01,,,
L0031,34,38,66,21.108,False,"[[486.48, 683.311], [468.0, 693.511]]",actual,3.5884,0.002471,0.031551,0.00042829,50.0,01,,,
172D,34,156,66,31.328,False,"[[463.68, 695.671], [460.2, 696.991], [433.08, 702.151]]",actual,5.3258,0.003668,0.046827,0.00063565,50.0,01,,,
L0032,35,36,66,83.212,False,"[[709.08, 218.071], [720.24, 232.591], [724.92, 236.671], [729.12, 247.591], [729.12, 254.551], [723.72, 267.511], [728.64, 276.511], [726.6, 292.111]]",actual,14.146,0.009742,0.124379,0.00168839,50.0,01,,,
L0033,35,37,66,34.667,False,"[[682.8, 237.031], [683.467, 236.869], [684.135, 236.707], [684.805, 236.545], [685.476, 236.383], [686.149, 236.221], [686.822, 236.059], [687.496, 235.897], [688.17, 235.735], [688.845, 235.573], [689.52, 235.411], [690.195, 235.249], [690.87, 235.087], [691.544, 234.925], [692.218, 234.763], [692.891, 234.601], [693.564, 234.439], [694.235, 234.277], [694.905, 234.115], [695.573, 233.953], [696.24, 233.791], [702.96, 228.631], [709.2, 217.951]]",actual,5.8934,0.004059,0.051817,0.0007034,50.0,01,,,
L0034,35,76,66,77.013,False,"[[709.08, 218.071], [719.16, 201.031], [740.4, 180.511], [751.68, 171.271], [751.44, 170.785], [751.188, 170.265], [750.927, 169.714], [750.657, 169.137], [750.379, 168.537], [750.095, 167.919], [749.805, 167.285], [749.512, 166.64], [749.217, 165.988], [748.92, 165.331], [748.623, 164.675], [748.328, 164.022], [748.035, 163.377], [747.745, 162.744], [747.461, 162.125], [747.183, 161.525], [746.913, 160.948], [746.651, 160.398], [746.4, 159.878], [746.16, 159.391]]",actual,13.0922,0.009017,0.115113,0.00156261,50.0,01,,,
L0035,36,117,66,54.44,False,"[[722.64, 294.871], [722.263, 294.817], [721.887, 294.763], [721.513, 294.71], [721.14, 294.656], [720.769, 294.603], [720.398, 294.55], [720.028, 294.498], [719.658, 294.447], [719.289, 294.396], [718.92, 294.346], [718.551, 294.297], [718.182, 294.249], [717.812, 294.202], [717.442, 294.156], [717.071, 294.112], [716.7, 294.069], [716.327, 294.027], [715.953, 293.987], [715.577, 293.948], [715.2, 293.911], [706.92, 314.551], [717.0, 321.631], [727.32, 328.471]]",actual,9.2548,0.006374,0.081373,0.0011046,50.0,01,,,
L0036,36,40,66,48.55,False,"[[724.8, 291.151], [713.4, 287.551], [703.56, 310.471], [693.72, 304.231]]",actual,8.2535,0.005684,0.072569,0.00098509,50.0,01,,,
L0037,37,39,66,21.025,False,"[[684.36, 238.351], [690.72, 258.391]]",actual,3.5743,0.002462,0.031426,0.0004266,50.0,01,,,
L0038,37,230,66,24.696,False,"[[687.24, 233.671], [672.48, 213.871]]",actual,4.1983,0.002891,0.036914,0.00050109,50.0,01,,,
L0039,38,45,66,78.187,False,"[[506.64, 665.191], [506.88, 646.231], [508.92, 641.791], [509.04, 636.151], [505.68, 627.991], [490.56, 648.631], [490.562, 648.64], [490.5, 648.737], [490.376, 648.916], [490.194, 649.174], [489.958, 649.505], [489.671, 649.906], [489.337, 650.371], [488.959, 650.897], [488.54, 651.478], [488.085, 652.111], [487.596, 652.791], [487.078, 653.513], [486.533, 654.273], [485.966, 655.066], [485.379, 655.887], [484.777, 656.734], [484.162, 657.6], [483.539, 658.481], [482.91, 659.373], [482.28, 660.271]]",actual,13.2918,0.009154,0.116868,0.00158643,50.0,01,,,
L0040,38,45,66,18.446,False,"[[509.28, 670.471], [497.04, 684.271]]",actual,3.1358,0.00216,0.027572,0.00037427,50.0,01,,,
L0041,38,45,66,12.956,False,"[[507.6, 666.991], [495.12, 670.471]]",actual,2.2025,0.001517,0.019366,0.00026288,50.0,01,,,
L0042,38,45,66,18.386,False,"[[505.44, 669.751], [490.56, 680.551]]",actual,3.1256,0.002153,0.027482,0.00037306,50.0,01,,,
171A,38,149,66,23.16,False,"[[497.04, 684.271], [497.04, 707.431]]",actual,3.9372,0.002712,0.034618,0.00046992,50.0,01,,,
L0043,38,44,66,11.64,False,"[[474.36, 655.471], [483.0, 647.671]]",actual,1.9788,0.001363,0.017399,0.00023618,50.0,01,,,
L0044,39,40,66,52.456,False,"[[662.04, 273.631], [662.475, 274.847], [662.914, 276.115], [663.357, 277.428], [663.804, 278.783], [664.254, 280.171], [664.706, 281.589], [665.16, 283.029], [665.615, 284.487], [666.07, 285.956], [666.525, 287.431], [666.979, 288.906], [667.431, 290.376], [667.882, 291.833], [668.329, 293.274], [668.773, 294.691], [669.213, 296.08], [669.648, 297.434], [670.078, 298.748], [670.502, 300.015], [670.92, 301.231], [672.167, 301.336], [673.39, 301.434], [674.591, 301.526], [675.773, 301.613], [676.939, 301.696], [678.091, 301.776], [679.233, 301.852], [680.366, 301.926], [681.495, 301.999], [682.62, 302.071], [683.745, 302.143], [684.874, 302.216], [686.007, 302.29], [687.149, 302.367], [688.301, 302.446], [689.467, 302.529], [690.649, 302.616], [691.85, 302.709], [693.073, 302.807], [694.32, 302.911]]",actual,8.9175,0.006142,0.078407,0.00106435,50.0,01,,,
L0045,39,40,66,22.963,False,"[[693.12, 303.751], [696.24, 297.751], [696.24, 281.551]]",actual,3.9037,0.002689,0.034323,0.00046592,50.0,01,,,
L0046,39,147,66,36.939,False,"[[659.04, 275.671], [666.0, 303.031], [664.2, 311.551]]",actual,6.2796,0.004325,0.055213,0.0007495,50.0,01,,,
L0047,39,206,66,26.388,False,"[[680.4, 250.231], [684.6, 262.231], [687.72, 267.031], [691.56, 273.991]]",actual,4.486,0.00309,0.039443,0.00053542,50.0,01,,,
115H,41,42,66,62.306,False,"[[530.16, 606.271], [538.8, 592.711], [542.04, 592.711], [546.0, 584.911], [554.64, 577.231], [554.64, 554.551]]",actual,10.592,0.007295,0.09313,0.0012642,50.0,01,,,
L0048,41,44,66,16.526,False,"[[521.64, 620.431], [530.16, 606.271]]",actual,2.8094,0.001935,0.024702,0.00033532,50.0,01,,,
L0049,41,78,66,10.92,False,"[[538.32, 593.671], [538.32, 582.751]]",actual,1.8564,0.001279,0.016322,0.00022157,50.0,01,,,
1908,42,56,66,14.312,False,"[[555.36, 553.111], [563.16, 541.111]]",actual,2.433,0.001676,0.021392,0.00029039,50.0,01,,,
115F,43,44,66,21.277,False,"[[512.76, 646.231], [513.36, 638.911], [513.12, 634.711], [510.48, 625.351]]",actual,3.6171,0.002491,0.031803,0.00043172,50.0,01,,,
115E,43,45,66,17.653,False,"[[511.2, 666.391], [513.36, 648.871]]",actual,3.001,0.002067,0.026386,0.00035818,50.0,01,,,
L0050,44,151,66,11.716,False,"[[499.8, 618.751], [506.16, 628.591]]",actual,1.9917,0.001372,0.017512,0.00023772,50.0,01,,,
L0051,45,50,66,179.188,False,"[[602.76, 805.831], [602.321, 805.734], [601.904, 805.656], [601.505, 805.595], [601.123, 805.549], [600.756, 805.516], [600.4, 805.494], [600.055, 805.481], [599.717, 805.474], [599.384, 805.472], [599.055, 805.471], [598.727, 805.471], [598.397, 805.468], [598.063, 805.461], [597.724, 805.448], [597.377, 805.426], [597.019, 805.393], [596.649, 805.348], [596.264, 805.287], [595.862, 805.209], [595.44, 805.111], [587.88, 795.751], [593.28, 775.831], [578.04, 742.951], [571.56, 735.271], [565.32, 728.071], [535.08, 709.951], [521.88, 698.311], [512.52, 687.631], [508.8, 671.791]]",actual,30.462,0.020979,0.267836,0.00363577,50.0,01,,,
L0052,46,47,66,84.055,False,"[[188.88, 429.871], [195.72, 439.111], [190.8, 448.351], [219.12, 471.751], [229.08, 471.751], [229.087, 471.147], [229.107, 470.492], [229.138, 469.79], [229.18, 469.048], [229.23, 468.271], [229.287, 467.466], [229.35, 466.637], [229.418, 465.792], [229.488, 464.934], [229.56, 464.071], [229.632, 463.208], [229.702, 462.351], [229.77, 461.505], [229.833, 460.677], [229.89, 459.871], [229.94, 459.095], [229.982, 458.352], [230.013, 457.651], [230.033, 456.995], [230.04, 456.391]]",actual,14.2894,0.009841,0.125639,0.0017055,50.0,01,,,
L0053,46,109,66,63.628,False,"[[129.96, 448.831], [172.2, 425.551], [187.56, 426.631]]",actual,10.8168,0.00745,0.095106,0.00129103,50.0,01,,,
L0054,46,110,66,74.651,False,"[[198.72, 426.271], [203.52, 418.351], [203.935, 417.912], [204.352, 417.492], [204.776, 417.085], [205.209, 416.688], [205.654, 416.296], [206.114, 415.904], [206.593, 415.507], [207.093, 415.101], [207.618, 414.68], [208.17, 414.241], [208.753, 413.779], [209.369, 413.288], [210.022, 412.765], [210.715, 412.204], [211.451, 411.601], [212.233, 410.952], [213.064, 410.25], [213.946, 409.493], [214.884, 408.675], [215.88, 407.791], [216.529, 407.192], [217.18, 406.583], [217.833, 405.964], [218.488, 405.337], [219.146, 404.703], [219.807, 404.062], [220.47, 403.415], [221.137, 402.763], [221.807, 402.106], [222.48, 401.446], [223.157, 400.783], [223.837, 400.119], [224.522, 399.453], [225.211, 398.787], [225.904, 398.122], [226.601, 397.458], [227.303, 396.796], [228.011, 396.137], [228.723, 395.482], [229.44, 394.831], [249.84, 380.671], [254.88, 382.951]]",actual,12.6907,0.00874,0.111582,0.00151469,50.0,01,,,
L0055,47,49,66,82.252,False,"[[251.76, 525.031], [249.84, 516.391], [258.12, 505.351], [258.48, 500.431], [249.72, 489.271], [247.56, 481.711], [238.68, 467.791], [232.92, 463.951], [232.836, 463.592], [232.764, 463.2], [232.701, 462.78], [232.647, 462.335], [232.601, 461.868], [232.561, 461.384], [232.527, 460.886], [232.496, 460.378], [232.467, 459.864], [232.44, 459.346], [232.413, 458.83], [232.384, 458.318], [232.353, 457.814], [232.319, 457.323], [232.279, 456.847], [232.233, 456.39], [232.179, 455.957], [232.116, 455.55], [232.044, 455.173], [231.96, 454.831]]",actual,13.9828,0.00963,0.122944,0.00166891,50.0,01,,,
L0056,48,49,66,190.087,False,"[[99.72, 569.311], [103.08, 564.631], [111.48, 568.591], [124.56, 570.751], [142.08, 573.511], [153.96, 562.351], [164.16, 542.071], [177.12, 533.431], [190.08, 537.151], [195.84, 528.751], [208.8, 526.831], [209.069, 526.793], [209.337, 526.749], [209.602, 526.701], [209.867, 526.65], [210.129, 526.595], [210.391, 526.537], [210.651, 526.478], [210.91, 526.416], [211.168, 526.354], [211.425, 526.291], [211.681, 526.228], [211.936, 526.166], [212.191, 526.105], [212.445, 526.045], [212.698, 525.987], [212.951, 525.933], [213.204, 525.881], [213.456, 525.833], [213.708, 525.79], [213.96, 525.751], [227.64, 514.711], [241.08, 521.311], [247.32, 518.191], [249.6, 525.751]]",actual,32.3148,0.022255,0.284127,0.00385691,50.0,01,,,
L0057,48,153,66,45.387,False,"[[73.32, 556.111], [78.72, 544.951], [86.52, 547.231], [103.92, 564.991]]",actual,7.7158,0.005314,0.067841,0.00092091,50.0,01,,,
L0058,50,64,66,23.254,False,"[[604.92, 805.111], [598.08, 799.351], [598.08, 791.431], [602.16, 786.511]]",actual,3.9532,0.002723,0.034758,0.00047183,50.0,01,,,
L0059,50,65,66,50.259,False,"[[625.32, 798.391], [632.04, 804.991], [630.84, 810.391], [624.12, 810.991], [622.8, 814.351], [619.8, 816.391], [618.0, 815.671], [615.48, 816.991], [610.8, 815.791], [606.0, 805.111]]",actual,8.544,0.005884,0.075123,0.00101977,50.0,01,,,
L0060,50,66,66,84.914,False,"[[605.52, 806.431], [605.64, 819.031], [615.72, 838.111], [635.76, 867.391], [638.28, 876.511], [637.68, 882.271]]",actual,14.4354,0.009942,0.126923,0.00172293,50.0,01,,,
L0061,50,75,66,102.397,False,"[[505.92, 802.951], [527.04, 809.311], [577.56, 806.431], [600.48, 810.991], [605.16, 806.671]]",actual,17.4075,0.011989,0.153055,0.00207766,50.0,01,,,
L0062,51,98,66,14.086,False,"[[544.92, 340.591], [534.96, 330.631]]",actual,2.3946,0.001649,0.021055,0.00028581,50.0,01,,,
L0063,52,53,66,23.675,False,"[[398.4, 361.591], [410.76, 348.991], [406.56, 344.671]]",actual,4.0248,0.002772,0.035387,0.00048037,50.0,01,,,
L0064,52,58,66,45.051,False,"[[403.92, 370.111], [397.08, 359.071], [390.0, 357.751], [384.72, 349.951], [390.6, 335.671]]",actual,7.6587,0.005275,0.067339,0.0009141,50.0,01,,,
L0065,52,58,66,16.279,False,"[[399.84, 356.311], [398.52, 354.511], [391.2, 353.791], [387.6, 348.151]]",actual,2.7674,0.001906,0.024333,0.0003303,50.0,01,,,
L0066,52,163,66,18.267,False,"[[390.84, 366.511], [387.0, 364.951], [374.16, 370.831]]",actual,3.1054,0.002139,0.027304,0.00037064,50.0,01,,,
L0067,54,55,66,33.06,False,"[[582.72, 519.991], [610.68, 502.351]]",actual,5.6202,0.003871,0.049415,0.0006708,50.0,01,,,
L0068,54,57,66,14.526,False,"[[579.48, 534.151], [582.72, 519.991]]",actual,2.4694,0.001701,0.021712,0.00029474,50.0,01,,,
L0069,55,126,66,17.285,False,"[[620.28, 502.351], [633.48, 513.511]]",actual,2.9385,0.002024,0.025836,0.00035072,50.0,01,,,
312H,55,114,66,182.35,False,"[[655.44, 331.471], [627.6, 389.671], [617.28, 395.311], [622.44, 427.231], [621.12, 440.671], [623.04, 456.991], [616.56, 500.311]]",actual,30.9995,0.02135,0.272562,0.00369993,50.0,01,,,
L0070,56,57,66,17.742,False,"[[563.16, 541.111], [579.48, 534.151]]",actual,3.0161,0.002077,0.026519,0.00035999,50.0,01,,,
L0071,57,169,66,11.592,False,"[[578.28, 535.471], [583.56, 545.791]]",actual,1.9706,0.001357,0.017327,0.0002352,50.0,01,,,
L0072,58,216,33,51.075,False,"[[345.72, 319.591], [345.969, 319.679], [346.214, 319.761], [346.455, 319.839], [346.692, 319.912], [346.926, 319.981], [347.157, 320.047], [347.388, 320.109], [347.617, 320.169], [347.846, 320.226], [348.075, 320.281], [348.305, 320.334], [348.537, 320.386], [348.77, 320.437], [349.007, 320.487], [349.247, 320.536], [349.491, 320.586], [349.74, 320.636], [349.994, 320.686], [350.253, 320.738], [350.52, 320.791], [352.825, 320.566], [355.131, 320.393], [357.439, 320.267], [359.748, 320.184], [362.057, 320.139], [364.367, 320.128], [366.677, 320.147], [368.987, 320.192], [371.296, 320.258], [373.605, 320.341], [375.913, 320.437], [378.22, 320.541], [380.525, 320.648], [382.829, 320.756], [385.131, 320.859], [387.43, 320.952], [389.727, 321.033], [392.021, 321.096], [394.312, 321.137], [396.6, 321.151]]",actual,8.6828,0.045208,0.310952,0.00028367,20.0,01,,,
195D,59,60,66,115.104,False,"[[468.24, 463.831], [473.16, 482.191], [466.32, 486.631], [458.16, 479.671], [431.4, 509.791], [425.4, 542.311], [425.202, 542.293], [425.004, 542.275], [424.806, 542.257], [424.609, 542.239], [424.412, 542.221], [424.215, 542.203], [424.019, 542.185], [423.824, 542.167], [423.629, 542.149], [423.435, 542.131], [423.242, 542.113], [423.05, 542.095], [422.859, 542.077], [422.669, 542.059], [422.481, 542.041], [422.293, 542.023], [422.108, 542.005], [421.923, 541.987], [421.741, 541.969], [421.56, 541.951]]",actual,19.5677,0.013476,0.172048,0.00233549,50.0,01,,,
L0073,59,91,66,13.798,False,"[[466.8, 467.791], [470.4, 481.111]]",actual,2.3457,0.001615,0.020624,0.00027996,50.0,01,,,
L0074,59,105,66,20.28,False,"[[467.88, 466.351], [488.16, 466.351]]",actual,3.4476,0.002374,0.030313,0.00041149,50.0,01,,,
L0075,60,61,66,89.217,False,"[[421.2, 545.191], [424.92, 545.791], [432.0, 566.071], [440.16, 574.471], [454.2, 598.231], [466.92, 603.871], [470.64, 610.111], [470.64, 613.591]]",actual,15.1669,0.010446,0.133354,0.00181024,50.0,01,,,
172B,61,150,66,15.84,False,"[[470.64, 612.391], [486.48, 612.391]]",actual,2.6928,0.001855,0.023676,0.0003214,50.0,01,,,
L0076,62,63,66,33.69,False,"[[623.16, 543.871], [618.0, 542.911], [618.24, 533.791], [618.511, 533.809], [618.783, 533.827], [619.058, 533.845], [619.333, 533.863], [619.611, 533.881], [619.889, 533.899], [620.169, 533.917], [620.45, 533.935], [620.732, 533.953], [621.015, 533.971], [621.299, 533.989], [621.584, 534.007], [621.869, 534.025], [622.155, 534.043], [622.442, 534.061], [622.729, 534.079], [623.016, 534.097], [623.304, 534.115], [623.592, 534.133], [623.88, 534.151], [626.28, 532.831], [635.64, 538.471]]",actual,5.7273,0.003944,0.050357,0.00068358,50.0,01,,,
1209,63,126,66,19.041,False,"[[633.48, 513.511], [636.96, 532.231]]",actual,3.237,0.002229,0.028461,0.00038635,50.0,01,,,
L0077,64,67,66,23.247,False,"[[616.56, 764.431], [621.96, 769.471], [628.08, 764.311], [625.56, 756.871]]",actual,3.952,0.002722,0.034748,0.00047169,50.0,01,,,
L0078,65,67,66,11.704,False,"[[636.12, 763.231], [639.24, 774.511]]",actual,1.9897,0.00137,0.017494,0.00023748,50.0,01,,,
L0079,67,90,66,39.569,False,"[[635.64, 756.151], [660.12, 733.591], [665.76, 736.351]]",actual,6.7267,0.004633,0.059145,0.00080286,50.0,01,,,
L0080,68,69,66,28.819,False,"[[717.0, 321.391], [703.92, 347.071]]",actual,4.8992,0.003374,0.043076,0.00058474,50.0,01,,,
L0081,69,70,66,90.103,False,"[[701.76, 348.151], [705.48, 358.831], [716.16, 375.751], [719.88, 382.111], [721.08, 391.231], [725.16, 397.111], [725.76, 406.231], [728.76, 411.271], [729.193, 411.397], [729.627, 411.523], [730.063, 411.649], [730.5, 411.774], [730.939, 411.899], [731.378, 412.024], [731.818, 412.148], [732.258, 412.272], [732.699, 412.394], [733.14, 412.516], [733.581, 412.637], [734.022, 412.757], [734.462, 412.876], [734.902, 412.994], [735.341, 413.111], [735.779, 413.226], [736.217, 413.339], [736.653, 413.452], [737.087, 413.562], [737.52, 413.671], [738.059, 413.797], [738.597, 413.923], [739.133, 414.049], [739.667, 414.175], [740.201, 414.301], [740.734, 414.427], [741.266, 414.553], [741.798, 414.679], [742.329, 414.805], [742.86, 414.931], [743.391, 415.057], [743.922, 415.183], [744.454, 415.309], [744.986, 415.435], [745.519, 415.561], [746.052, 415.687], [746.587, 415.813], [747.123, 415.939], [747.661, 416.065], [748.2, 416.191]]",actual,15.3175,0.010549,0.134679,0.00182821,50.0,01,,,
L0082,69,119,66,16.249,False,"[[703.92, 348.511], [716.04, 352.471], [717.36, 355.711]]",actual,2.7623,0.001902,0.024288,0.0003297,50.0,01,,,
L0083,69,120,66,10.704,False,"[[699.0, 348.511], [688.92, 352.111]]",actual,1.8197,0.001253,0.015999,0.00021719,50.0,01,,,
L0084,70,73,66,39.394,False,"[[748.32, 418.591], [746.4, 422.791], [752.28, 424.231], [756.24, 417.151], [754.32, 396.631]]",actual,6.697,0.004612,0.058883,0.00079931,50.0,01,,,
L0085,71,72,66,13.925,False,"[[648.48, 1037.552], [658.68, 1047.032]]",actual,2.3673,0.00163,0.020814,0.00028254,50.0,01,,,
L0086,71,88,66,93.434,False,"[[579.24, 1050.032], [582.84, 1040.312], [586.44, 1036.832], [588.84, 1024.472], [589.578, 1024.454], [590.316, 1024.436], [591.054, 1024.418], [591.792, 1024.4], [592.53, 1024.382], [593.268, 1024.364], [594.006, 1024.346], [594.744, 1024.328], [595.482, 1024.31], [596.22, 1024.292], [596.958, 1024.274], [597.696, 1024.256], [598.434, 1024.238], [599.172, 1024.22], [599.91, 1024.202], [600.648, 1024.184], [601.386, 1024.166], [602.124, 1024.148], [602.862, 1024.13], [603.6, 1024.112], [611.16, 1022.672], [615.6, 1023.392], [642.84, 1040.912], [647.88, 1037.432]]",actual,15.8838,0.010939,0.139658,0.0018958,50.0,01,,,
L0087,71,89,66,12.646,False,"[[646.44, 1036.352], [642.12, 1031.792], [641.88, 1025.432]]",actual,2.1498,0.001481,0.018902,0.00025659,50.0,01,,,
L0088,74,75,66,10.764,False,"[[492.36, 800.431], [492.868, 800.472], [493.385, 800.52], [493.908, 800.576], [494.438, 800.638], [494.974, 800.705], [495.514, 800.777], [496.057, 800.852], [496.603, 800.93], [497.151, 801.01], [497.7, 801.091], [498.249, 801.172], [498.797, 801.252], [499.343, 801.33], [499.886, 801.406], [500.426, 801.477], [500.962, 801.545], [501.492, 801.607], [502.015, 801.662], [502.532, 801.711], [503.04, 801.751]]",actual,1.8299,0.00126,0.016089,0.0002184,50.0,01,,,
L0089,74,101,66,34.672,False,"[[481.68, 797.431], [477.96, 799.111], [466.08, 799.951], [461.28, 804.031], [448.92, 804.751]]",actual,5.8942,0.004059,0.051825,0.0007035,50.0,01,,,
L0090,75,84,66,14.88,False,"[[504.0, 816.871], [504.0, 816.194], [504.0, 815.496], [504.0, 814.778], [504.0, 814.045], [504.0, 813.297], [504.0, 812.538], [504.0, 811.77], [504.0, 810.994], [504.0, 810.214], [504.0, 809.431], [504.0, 808.649], [504.0, 807.868], [504.0, 807.093], [504.0, 806.324], [504.0, 805.565], [504.0, 804.817], [504.0, 804.084], [504.0, 803.367], [504.0, 802.669], [504.0, 801.991]]",actual,2.5296,0.001742,0.022241,0.00030192,50.0,01,,,
L0091,75,86,66,38.29,False,"[[506.64, 802.831], [514.08, 840.391]]",actual,6.5093,0.004483,0.057233,0.00077691,50.0,01,,,
L0092,76,77,66,34.933,False,"[[749.28, 157.111], [755.76, 168.391], [770.4, 152.071]]",actual,5.9386,0.00409,0.052215,0.0007088,50.0,01,,,
L0093,76,161,66,25.811,False,"[[751.68, 171.271], [754.68, 177.031], [772.92, 183.391]]",actual,4.3879,0.003022,0.03858,0.00052371,50.0,01,,,
L0094,76,172,66,21.917,False,"[[750.96, 169.231], [735.12, 174.151], [730.56, 171.391]]",actual,3.7259,0.002566,0.03276,0.0004447,50.0,01,,,
L0095,76,173,66,21.078,False,"[[750.0, 167.071], [737.16, 169.591], [736.08, 161.671]]",actual,3.5833,0.002468,0.031506,0.00042768,50.0,01,,,
142B,79,82,66,55.677,False,"[[351.24, 805.951], [336.24, 772.711], [336.24, 767.791], [334.32, 753.631]]",actual,9.4651,0.006519,0.083222,0.0011297,50.0,01,,,
142D,79,159,66,17.176,False,"[[354.6, 824.071], [352.44, 807.031]]",actual,2.9199,0.002011,0.025673,0.00034851,50.0,01,,,
L0096,79,159,66,16.662,False,"[[360.84, 824.071], [357.48, 807.751]]",actual,2.8325,0.001951,0.024905,0.00033808,50.0,01,,,
L0097,80,81,66,43.017,False,"[[335.64, 728.431], [336.12, 725.311], [353.16, 709.471], [368.28, 702.631]]",actual,7.3129,0.005036,0.064298,0.00087283,50.0,01,,,
L0098,80,82,66,18.505,False,"[[334.32, 753.631], [335.28, 735.151]]",actual,3.1459,0.002167,0.02766,0.00037547,50.0,01,,,
L0099,81,137,66,10.817,False,"[[373.32, 711.991], [370.08, 701.671]]",actual,1.8389,0.001266,0.016168,0.00021948,50.0,01,,,
183B,81,137,66,13.447,False,"[[379.08, 710.671], [371.76, 699.391]]",actual,2.286,0.001574,0.020099,0.00027284,50.0,01,,,
L0100,81,217,33,20.324,False,"[[369.72, 695.191], [369.412, 695.29], [369.132, 695.371], [368.879, 695.437], [368.649, 695.491], [368.437, 695.534], [368.243, 695.57], [368.061, 695.601], [367.888, 695.629], [367.723, 695.657], [367.56, 695.686], [367.397, 695.72], [367.232, 695.761], [367.059, 695.812], [366.877, 695.874], [366.682, 695.951], [366.471, 696.044], [366.241, 696.156], [365.988, 696.29], [365.708, 696.447], [365.4, 696.631], [364.609, 696.55], [363.819, 696.485], [363.031, 696.436], [362.244, 696.401], [361.459, 696.378], [360.674, 696.367], [359.89, 696.365], [359.106, 696.372], [358.323, 696.386], [357.54, 696.406], [356.757, 696.431], [355.974, 696.458], [355.19, 696.488], [354.406, 696.518], [353.621, 696.547], [352.836, 696.574], [352.049, 696.597], [351.261, 696.615], [350.471, 696.627], [349.68, 696.631]]",actual,3.4551,0.017989,0.123736,0.00011288,20.0,01,,,
L0101,83,84,66,25.544,False,"[[486.24, 835.231], [504.0, 816.871]]",actual,4.3425,0.002991,0.038181,0.00051829,50.0,01,,,
L0102,83,85,66,22.108,False,"[[465.84, 843.751], [486.24, 835.231]]",actual,3.7584,0.002588,0.033045,0.00044858,50.0,01,,,
L0103,85,166,66,12.651,False,"[[461.28, 849.391], [471.24, 857.191]]",actual,2.1507,0.001481,0.01891,0.00025669,50.0,01,,,
L0104,86,87,66,86.159,False,"[[514.08, 840.391], [553.56, 902.311], [553.8, 909.391], [548.16, 909.391]]",actual,14.647,0.010087,0.128784,0.00174819,50.0,01,,,
134C,90,108,66,90.954,False,"[[666.72, 734.911], [662.88, 731.671], [678.96, 720.871], [697.68, 716.791], [717.24, 712.831], [717.978, 712.83], [718.716, 712.828], [719.454, 712.824], [720.192, 712.819], [720.93, 712.812], [721.668, 712.805], [722.406, 712.797], [723.144, 712.789], [723.882, 712.78], [724.62, 712.771], [725.358, 712.762], [726.096, 712.753], [726.834, 712.745], [727.572, 712.737], [728.31, 712.73], [729.048, 712.724], [729.786, 712.718], [730.524, 712.715], [731.262, 712.712], [732.0, 712.711], [743.88, 717.151]]",actual,15.4622,0.010649,0.135951,0.00184548,50.0,01,,,
L0105,91,92,66,14.434,False,"[[466.8, 483.991], [456.24, 474.151]]",actual,2.4538,0.00169,0.021575,0.00029287,50.0,01,,,
L0106,93,94,66,11.046,False,"[[527.16, 809.911], [526.8, 798.871]]",actual,1.8778,0.001293,0.016511,0.00022413,50.0,01,,,
L0107,95,96,66,10.2,False,"[[548.88, 807.631], [548.88, 797.431]]",actual,1.734,0.001194,0.015246,0.00020696,50.0,01,,,
L0108,97,98,66,34.725,False,"[[571.08, 357.511], [567.12, 349.711], [566.472, 349.711], [565.824, 349.711], [565.176, 349.711], [564.527, 349.711], [563.878, 349.711], [563.229, 349.711], [562.579, 349.711], [561.928, 349.711], [561.277, 349.711], [560.625, 349.711], [559.972, 349.711], [559.318, 349.711], [558.663, 349.711], [558.007, 349.711], [557.349, 349.711], [556.691, 349.711], [556.03, 349.711], [555.368, 349.711], [554.705, 349.711], [554.04, 349.711], [544.92, 340.591]]",actual,5.9033,0.004066,0.051904,0.00070458,50.0,01,,,
L0109,97,121,66,38.593,False,"[[572.64, 356.071], [573.84, 347.431], [566.88, 331.591], [564.6, 319.231]]",actual,6.5608,0.004518,0.057686,0.00078306,50.0,01,,,
L0110,97,124,66,11.39,False,"[[583.2, 366.271], [575.64, 357.751]]",actual,1.9363,0.001334,0.017025,0.00023111,50.0,01,,,
L0111,97,155,66,14.292,False,"[[587.76, 351.151], [573.84, 347.911]]",actual,2.4296,0.001673,0.021363,0.00028999,50.0,01,,,
L0112,99,162,66,14.509,False,"[[570.0, 338.551], [583.56, 333.391]]",actual,2.4665,0.001699,0.021687,0.00029439,50.0,01,,,
142A,100,101,66,17.689,False,"[[448.92, 804.751], [431.28, 806.071]]",actual,3.0071,0.002071,0.02644,0.00035891,50.0,01,,,
L0113,102,110,66,48.006,False,"[[254.76, 381.631], [258.24, 365.431], [264.0, 360.631], [265.68, 336.751]]",actual,8.161,0.005621,0.071756,0.00097405,50.0,01,,,
L0114,102,148,66,14.545,False,"[[255.96, 321.031], [264.84, 332.551]]",actual,2.4727,0.001703,0.021741,0.00029512,50.0,01,,,
L0115,103,104,66,15.65,False,"[[199.92, 528.271], [190.32, 515.911]]",actual,2.6605,0.001832,0.023392,0.00031754,50.0,01,,,
L0116,105,106,66,17.846,False,"[[487.68, 466.591], [497.16, 451.471]]",actual,3.0338,0.002089,0.026675,0.0003621,50.0,01,,,
L0117,105,175,66,10.155,False,"[[489.72, 462.511], [483.84, 454.231]]",actual,1.7264,0.001189,0.015179,0.00020605,50.0,01,,,
L0118,106,107,66,22.493,False,"[[496.92, 451.951], [508.92, 449.911], [504.84, 440.431]]",actual,3.8238,0.002633,0.033621,0.00045639,50.0,01,,,
L0119,107,144,66,10.631,False,"[[509.76, 440.431], [514.8, 449.791]]",actual,1.8073,0.001245,0.01589,0.00021571,50.0,01,,,
L0120,107,144,66,27.216,False,"[[507.72, 440.671], [513.36, 451.231], [513.72, 466.471]]",actual,4.6267,0.003186,0.04068,0.00055222,50.0,01,,,
L0121,107,164,66,34.132,False,"[[497.64, 420.271], [497.4, 428.791], [494.88, 435.631], [495.84, 442.591], [501.96, 445.831], [503.52, 441.751]]",actual,5.8024,0.003996,0.051018,0.00069255,50.0,01,,,
L0122,111,112,66,43.93,False,"[[563.28, 436.231], [573.24, 423.511], [595.08, 419.911], [595.08, 414.271]]",actual,7.4681,0.005143,0.065663,0.00089135,50.0,01,,,
L0123,111,113,66,14.631,False,"[[553.8, 445.471], [553.8, 441.871], [563.28, 436.231]]",actual,2.4873,0.001713,0.021869,0.00029687,50.0,01,,,
L0124,112,123,66,29.911,False,"[[617.88, 412.111], [604.44, 412.111], [598.2, 418.831], [595.08, 412.231]]",actual,5.0849,0.003502,0.044709,0.0006069,50.0,01,,,
L0125,113,145,66,22.344,False,"[[536.64, 467.071], [551.64, 450.511]]",actual,3.7985,0.002616,0.033398,0.00045337,50.0,01,,,
L0126,114,115,66,27.374,False,"[[641.4, 318.871], [618.12, 333.271]]",actual,4.6536,0.003205,0.040916,0.00055543,50.0,01,,,
L0127,114,116,66,27.114,False,"[[641.4, 316.951], [634.08, 315.511], [626.76, 297.271]]",actual,4.6094,0.003175,0.040528,0.00055015,50.0,01,,,
L0128,114,122,66,31.302,False,"[[647.64, 346.591], [638.04, 327.511], [642.96, 318.871]]",actual,5.3213,0.003665,0.046788,0.00063513,50.0,01,,,
L0129,114,147,66,21.779,False,"[[664.2, 311.551], [662.4, 316.591], [655.44, 331.471]]",actual,3.7024,0.00255,0.032554,0.0004419,50.0,01,,,
L0130,117,118,66,75.162,False,"[[727.32, 328.471], [797.04, 356.551]]",actual,12.7775,0.0088,0.112346,0.00152506,50.0,01,,,
L0131,120,158,66,11.402,False,"[[664.08, 358.711], [672.72, 366.151]]",actual,1.9383,0.001335,0.017043,0.00023135,50.0,01,,,
L0132,123,125,66,22.604,False,"[[615.12, 399.871], [612.48, 399.871], [603.6, 381.991]]",actual,3.8427,0.002646,0.033787,0.00045864,50.0,01,,,
L0133,124,125,66,12.464,False,"[[603.6, 381.991], [592.2, 376.951]]",actual,2.1189,0.001459,0.01863,0.0002529,50.0,01,,,
L0134,124,171,66,21.425,False,"[[588.6, 372.511], [586.56, 380.431], [577.56, 390.151]]",actual,3.6423,0.002508,0.032024,0.00043472,50.0,01,,,
L0135,127,128,66,75.973,False,"[[166.2, 364.711], [158.16, 349.231], [149.4, 325.591], [144.72, 321.391], [141.12, 310.831], [128.76, 300.871]]",actual,12.9154,0.008895,0.113558,0.00154151,50.0,01,,,
L0136,127,154,66,63.052,False,"[[173.16, 425.791], [172.8, 400.711], [164.04, 375.271], [164.76, 364.231]]",actual,10.7188,0.007382,0.094245,0.00127934,50.0,01,,,
L0137,131,132,66,19.993,False,"[[566.4, 787.351], [566.295, 788.297], [566.197, 789.26], [566.105, 790.239], [566.018, 791.232], [565.935, 792.236], [565.856, 793.249], [565.779, 794.27], [565.705, 795.296], [565.632, 796.326], [565.56, 797.356], [565.488, 798.386], [565.415, 799.413], [565.341, 800.434], [565.264, 801.449], [565.185, 802.454], [565.102, 803.449], [565.015, 804.429], [564.923, 805.395], [564.824, 806.343], [564.72, 807.271]]",actual,3.3988,0.002341,0.029884,0.00040566,50.0,01,,,
113C,134,135,66,10.952,False,"[[567.12, 729.391], [576.12, 723.151]]",actual,1.8618,0.001282,0.01637,0.00022222,50.0,01,,,
171B,134,177,66,20.791,False,"[[551.04, 736.951], [555.72, 736.591], [560.64, 732.991], [568.44, 734.911], [570.0, 733.711]]",actual,3.5345,0.002434,0.031077,0.00042185,50.0,01,,,
L0138,137,157,66,30.139,False,"[[378.36, 710.431], [408.48, 709.351]]",actual,5.1236,0.003529,0.045049,0.00061153,50.0,01,,,
L0139,137,229,66,170.707,False,"[[373.08, 711.751], [372.28, 711.898], [371.5, 712.049], [370.737, 712.205], [369.99, 712.366], [369.255, 712.529], [368.531, 712.696], [367.816, 712.866], [367.107, 713.038], [366.402, 713.211], [365.7, 713.386], [364.998, 713.562], [364.293, 713.738], [363.584, 713.915], [362.869, 714.091], [362.145, 714.266], [361.41, 714.439], [360.663, 714.611], [359.9, 714.781], [359.12, 714.947], [358.32, 715.111], [328.08, 737.431], [305.04, 749.791], [294.96, 749.791], [274.92, 764.671], [260.16, 801.751], [246.606, 811.82]]",actual,29.0202,0.019986,0.255159,0.00346369,50.0,01,,,
L0140,138,229,66,46.636,False,"[[246.606, 811.82], [239.16, 817.351], [228.48, 825.391], [226.32, 840.751], [226.05, 840.869], [225.745, 841.004], [225.411, 841.156], [225.049, 841.321], [224.664, 841.499], [224.26, 841.688], [223.841, 841.884], [223.409, 842.088], [222.969, 842.295], [222.525, 842.506], [222.08, 842.718], [221.637, 842.928], [221.201, 843.136], [220.775, 843.339], [220.363, 843.536], [219.969, 843.723], [219.595, 843.901], [219.247, 844.066], [218.927, 844.217], [218.64, 844.351]]",actual,7.9281,0.00546,0.069708,0.00094626,50.0,01,,,
L0141,139,140,66,11.958,False,"[[720.0, 232.231], [721.8, 237.751], [719.64, 243.511]]",actual,2.0329,0.0014,0.017874,0.00024263,50.0,01,,,
L0142,144,145,66,27.849,False,"[[514.8, 449.791], [536.64, 467.071]]",actual,4.7343,0.003261,0.041626,0.00056506,50.0,01,,,
L0143,150,151,66,14.76,False,"[[486.48, 612.391], [499.8, 618.751]]",actual,2.5092,0.001728,0.022062,0.00029948,50.0,01,,,
L0144,152,153,66,12.225,False,"[[67.2, 542.671], [77.64, 549.031]]",actual,2.0783,0.001431,0.018273,0.00024805,50.0,01,,,
171F,156,157,66,25.632,False,"[[433.08, 702.151], [408.48, 709.351]]",actual,4.3574,0.003001,0.038313,0.00052008,50.0,01,,,
L0145,167,168,66,11.433,False,"[[453.48, 501.031], [448.56, 490.711]]",actual,1.9436,0.001339,0.017089,0.00023198,50.0,01,,,
L0146,170,208,66,52.028,False,"[[759.84, 341.911], [763.2, 333.031], [761.52, 327.031], [766.2, 291.031]]",actual,8.8448,0.006091,0.077767,0.00105566,50.0,01,,,
L0147,179,180,66,112.261,False,"[[194.28, 166.831], [198.72, 189.391], [186.6, 219.151], [185.833, 219.132], [185.013, 219.112], [184.145, 219.09], [183.236, 219.068], [182.291, 219.044], [181.317, 219.021], [180.318, 218.997], [179.302, 218.973], [178.274, 218.949], [177.24, 218.926], [176.206, 218.904], [175.178, 218.883], [174.162, 218.864], [173.163, 218.846], [172.189, 218.831], [171.244, 218.817], [170.335, 218.806], [169.467, 218.798], [168.647, 218.793], [167.88, 218.791], [161.76, 180.871]]",actual,19.0844,0.013144,0.167799,0.0022778,50.0,01,,,
L0148,179,181,66,96.987,False,"[[192.12, 152.911], [224.28, 114.511], [228.24, 120.751], [228.12, 126.031], [222.84, 132.751], [223.08, 158.431]]",actual,16.4878,0.011355,0.144968,0.00196789,50.0,01,,,
L0149,179,191,66,13.682,False,"[[207.6, 162.991], [194.4, 166.591]]",actual,2.3259,0.001602,0.020451,0.00027761,50.0,01,,,
L0150,180,192,66,11.001,False,"[[160.92, 170.791], [171.6, 168.151]]",actual,1.8702,0.001288,0.016443,0.00022321,50.0,01,,,
L0151,181,182,66,25.019,False,"[[227.4, 161.071], [231.96, 136.471]]",actual,4.2532,0.002929,0.037396,0.00050764,50.0,01,,,
L0152,181,184,66,25.721,False,"[[226.8, 166.351], [225.898, 167.16], [224.993, 167.999], [224.085, 168.865], [223.174, 169.755], [222.261, 170.666], [221.345, 171.592], [220.427, 172.532], [219.508, 173.482], [218.587, 174.438], [217.665, 175.396], [216.742, 176.354], [215.819, 177.307], [214.895, 178.252], [213.971, 179.186], [213.047, 180.104], [212.124, 181.005], [211.201, 181.883], [210.279, 182.736], [209.359, 183.56], [208.44, 184.351]]",actual,4.3726,0.003011,0.038446,0.00052189,50.0,01,,,
L0153,181,191,66,19.707,False,"[[226.8, 158.551], [207.6, 162.991]]",actual,3.3502,0.002307,0.029456,0.00039986,50.0,01,,,
L0154,181,195,66,28.856,False,"[[222.84, 164.071], [198.72, 179.911]]",actual,4.9055,0.003378,0.043132,0.0005855,50.0,01,,,
L0155,181,202,66,42.88,False,"[[251.88, 197.431], [251.157, 196.714], [250.361, 195.936], [249.5, 195.102], [248.582, 194.221], [247.616, 193.299], [246.61, 192.342], [245.571, 191.358], [244.507, 190.354], [243.428, 189.336], [242.34, 188.311], [241.252, 187.286], [240.173, 186.268], [239.109, 185.264], [238.07, 184.28], [237.064, 183.324], [236.098, 182.401], [235.18, 181.52], [234.319, 180.687], [233.523, 179.908], [232.8, 179.191], [228.24, 163.351]]",actual,7.2896,0.00502,0.064094,0.00087005,50.0,01,,,
L0156,182,201,66,44.443,False,"[[231.0, 136.951], [231.108, 136.483], [231.216, 136.015], [231.324, 135.547], [231.432, 135.079], [231.54, 134.611], [231.648, 134.143], [231.756, 133.675], [231.864, 133.207], [231.972, 132.739], [232.08, 132.271], [232.188, 131.803], [232.296, 131.335], [232.404, 130.867], [232.512, 130.399], [232.62, 129.931], [232.728, 129.463], [232.836, 128.995], [232.944, 128.527], [233.052, 128.059], [233.16, 127.591], [233.16, 118.111], [233.874, 117.183], [234.611, 116.235], [235.368, 115.27], [236.144, 114.289], [236.934, 113.296], [237.738, 112.292], [238.552, 111.279], [239.375, 110.26], [240.203, 109.237], [241.035, 108.211], [241.868, 107.186], [242.699, 106.162], [243.526, 105.143], [244.346, 104.13], [245.158, 103.126], [245.959, 102.133], [246.746, 101.153], [247.516, 100.187], [248.269, 99.24], [249.0, 98.311]]",actual,7.5553,0.005203,0.06643,0.00090176,50.0,01,,,
L0157,183,184,66,24.6,False,"[[208.44, 183.991], [208.441, 185.308], [208.443, 186.598], [208.447, 187.863], [208.452, 189.107], [208.459, 190.332], [208.466, 191.543], [208.474, 192.74], [208.482, 193.929], [208.491, 195.112], [208.5, 196.291], [208.509, 197.471], [208.518, 198.653], [208.526, 199.842], [208.534, 201.04], [208.541, 202.25], [208.548, 203.475], [208.553, 204.719], [208.557, 205.984], [208.559, 207.274], [208.56, 208.591]]",actual,4.182,0.00288,0.03677,0.00049914,50.0,01,,,
L0158,185,186,66,14.768,False,"[[170.64, 92.671], [177.72, 105.631]]",actual,2.5106,0.001729,0.022074,0.00029965,50.0,01,,,
L0159,185,187,66,61.338,False,"[[170.64, 92.071], [171.846, 92.125], [173.052, 92.179], [174.258, 92.234], [175.465, 92.288], [176.672, 92.343], [177.879, 92.398], [179.087, 92.454], [180.296, 92.511], [181.505, 92.568], [182.715, 92.626], [183.926, 92.685], [185.138, 92.745], [186.351, 92.806], [187.565, 92.868], [188.781, 92.932], [189.997, 92.997], [191.216, 93.063], [192.435, 93.131], [193.657, 93.2], [194.88, 93.271], [212.28, 100.471], [223.92, 114.511]]",actual,10.4275,0.007181,0.091683,0.00124456,50.0,01,,,
L0160,185,204,66,22.35,False,"[[162.96, 69.991], [168.84, 77.071], [170.16, 90.151]]",actual,3.7995,0.002617,0.033407,0.00045349,50.0,01,,,
L0161,187,190,66,29.9,False,"[[218.76, 120.991], [205.08, 116.551], [203.64, 114.511], [191.4, 118.951]]",actual,5.083,0.003501,0.044692,0.00060668,50.0,01,,,
L0162,188,200,66,30.31,False,"[[172.68, 143.431], [184.08, 126.751], [192.84, 131.791]]",actual,5.1527,0.003549,0.045305,0.000615,50.0,01,,,
L0163,193,194,66,11.721,False,"[[166.8, 213.271], [175.44, 205.351]]",actual,1.9926,0.001372,0.01752,0.00023782,50.0,01,,,
L0164,195,196,66,18.874,False,"[[195.0, 182.071], [178.68, 191.551]]",actual,3.2086,0.00221,0.028211,0.00038296,50.0,01,,,
L0165,196,197,66,13.956,False,"[[179.04, 191.311], [166.68, 197.791]]",actual,2.3725,0.001634,0.02086,0.00028317,50.0,01,,,
L0166,196,199,66,10.97,False,"[[179.16, 191.671], [175.44, 181.351]]",actual,1.8649,0.001284,0.016397,0.00022258,50.0,01,,,
L0167,197,198,66,17.069,False,"[[162.48, 199.351], [146.64, 205.711]]",actual,2.9017,0.001998,0.025513,0.00034633,50.0,01,,,
L0168,208,209,66,12.06,False,"[[763.44, 306.871], [751.44, 308.071]]",actual,2.0502,0.001412,0.018026,0.0002447,50.0,01,,,
L0169,208,210,66,53.095,False,"[[765.6, 298.591], [766.92, 298.831], [772.08, 295.231], [774.72, 285.631], [779.04, 283.471], [780.48, 268.951], [783.0, 260.311], [783.96, 255.271], [785.88, 254.911]]",actual,9.0262,0.006216,0.079362,0.00107731,50.0,01,,,
L0170,212,213,33,18.675,False,"[[410.16, 588.271], [410.394, 588.235], [410.628, 588.199], [410.862, 588.163], [411.097, 588.127], [411.332, 588.091], [411.567, 588.055], [411.803, 588.019], [412.04, 587.983], [412.277, 587.947], [412.515, 587.911], [412.754, 587.875], [412.994, 587.839], [413.235, 587.803], [413.477, 587.767], [413.721, 587.731], [413.965, 587.695], [414.212, 587.659], [414.459, 587.623], [414.709, 587.587], [414.96, 587.551], [415.645, 587.573], [416.331, 587.601], [417.019, 587.634], [417.708, 587.672], [418.399, 587.714], [419.09, 587.76], [419.782, 587.807], [420.474, 587.856], [421.167, 587.906], [421.86, 587.956], [422.553, 588.005], [423.246, 588.052], [423.938, 588.097], [424.63, 588.138], [425.321, 588.176], [426.012, 588.208], [426.701, 588.234], [427.389, 588.254], [428.075, 588.267], [428.76, 588.271]]",actual,3.1748,0.01653,0.113696,0.00010372,20.0,01,,,
142C,214,215,33,28.067,False,"[[312.84, 859.231], [313.255, 859.313], [313.671, 859.378], [314.089, 859.43], [314.508, 859.47], [314.929, 859.501], [315.35, 859.525], [315.772, 859.544], [316.194, 859.56], [316.617, 859.575], [317.04, 859.591], [317.463, 859.611], [317.886, 859.637], [318.308, 859.671], [318.73, 859.715], [319.151, 859.771], [319.572, 859.842], [319.991, 859.929], [320.409, 860.035], [320.825, 860.161], [321.24, 860.311], [322.229, 860.36], [323.217, 860.399], [324.202, 860.428], [325.187, 860.449], [326.169, 860.463], [327.151, 860.47], [328.131, 860.471], [329.11, 860.467], [330.088, 860.458], [331.065, 860.446], [332.041, 860.431], [333.016, 860.415], [333.991, 860.397], [334.965, 860.379], [335.938, 860.362], [336.911, 860.346], [337.884, 860.332], [338.856, 860.321], [339.828, 860.314], [340.8, 860.311]]",actual,4.7714,0.024843,0.170876,0.00015588,20.0,01,,,
L0171,220,221,33,33.173,False,"[[611.04, 222.391], [613.56, 218.311], [633.72, 230.551], [636.265, 226.491]]",actual,5.6394,0.029362,0.201962,0.00018424,20.0,01,,,
L0172,220,221,33,60.78,False,"[[636.265, 226.491], [638.76, 222.511], [618.48, 210.151], [621.0, 206.071], [607.56, 209.071], [611.04, 222.391]]",actual,10.3326,0.053798,0.370038,0.00033757,20.0,01,,,
G0173,238,145,66,13.29,False,,provisional,2.2593,0.001556,0.019865,0.00026966,50.0,01,,,
G0174,239,145,66,10.57,False,,provisional,1.7969,0.001238,0.015799,0.00021447,50.0,01,,,
B0175,122,158,66,20.425,False,,bridge,3.4723,0.002391,0.03053,0.00041443,50.0,01,,,
B0176,68,209,66,36.926,False,,provisional,6.2774,0.004323,0.055194,0.00074924,50.0,01,,,
B0177,121,99,66,14.105,False,,bridge,2.3979,0.001651,0.021083,0.00028619,50.0,01,,,
B0178,206,140,66,39.811,False,,provisional,6.7679,0.004661,0.059506,0.00080778,50.0,01,,,
B0179,92,168,66,18.254,False,,bridge,3.1032,0.002137,0.027285,0.00037038,50.0,01,,,
B0180,159,215,66,39.995,False,,provisional,6.7992,0.004683,0.059781,0.00081151,50.0,01,,,
B0181,230,221,66,38.351,False,,provisional,6.5197,0.00449,0.057324,0.00077815,50.0,01,,,
B0182,220,31,66,30.16,False,,provisional,5.1272,0.003531,0.045081,0.00061195,50.0,01,,,
B0183,6,18,66,18.998,False,,bridge,3.2297,0.002224,0.028397,0.00038547,50.0,01,,,
B0184,29,21,66,18.922,False,,bridge,3.2167,0.002215,0.028283,0.00038393,50.0,01,,,
B0185,26,28,66,12.522,False,,bridge,2.1287,0.001466,0.018717,0.00025407,50.0,01,,,
B0186,4,32,66,56.543,False,,provisional,9.6123,0.00662,0.084516,0.00114727,50.0,01,,,
B0187,20,17,66,16.473,False,,bridge,2.8004,0.001929,0.024623,0.00033424,50.0,01,,,
B0188,62,141,66,59.16,False,,provisional,10.0572,0.006926,0.088428,0.00120037,50.0,01,,,
B0189,116,142,66,45.848,False,,provisional,7.7942,0.005368,0.06853,0.00093027,50.0,01,,,
B0190,73,160,66,31.93,False,,provisional,5.4281,0.003738,0.047726,0.00064787,50.0,01,,,
B0191,141,165,66,37.884,False,,provisional,6.4403,0.004435,0.056626,0.00076868,50.0,01,,,
B0192,149,174,66,21.395,False,,bridge,3.6372,0.002505,0.03198,0.00043411,50.0,01,,,
B0193,119,176,66,24.443,False,,provisional,4.1553,0.002862,0.036535,0.00049595,50.0,01,,,
B0194,100,178,66,43.337,False,,provisional,7.3673,0.005074,0.064777,0.00087932,50.0,01,,,
B0195,170,207,66,42.237,False,,provisional,7.1803,0.004945,0.063132,0.000857,50.0,01,,,
B0196,175,222,66,48.941,False,,provisional,8.32,0.00573,0.073153,0.00099303,50.0,01,,,
B0197,222,223,66,27.243,False,,provisional,4.6313,0.00319,0.040721,0.00055277,50.0,01,,,
B0198,78,225,66,59.928,False,,provisional,10.1878,0.007016,0.089576,0.00121595,50.0,01,,,
B0199,225,224,66,17.712,False,,bridge,3.011,0.002074,0.026474,0.00035938,50.0,01,,,
B0200,214,227,66,38.411,False,,provisional,6.5299,0.004497,0.057414,0.00077937,50.0,01,,,
B0201,87,231,66,39.258,False,,provisional,6.6739,0.004596,0.05868,0.00079655,50.0,01,,,
B0202,231,232,66,12.282,False,,bridge,2.0879,0.001438,0.018358,0.0002492,50.0,01,,,
B0203,160,233,66,53.737,False,,provisional,9.1353,0.006292,0.080322,0.00109034,50.0,01,,,
I0204,223,163,66,67.131,False,,inset_provisional,11.4123,0.00786,0.100342,0.0013621,50.0,01,,,
I0205,216,148,66,89.772,False,,inset_provisional,15.2612,0.01051,0.134184,0.0018215,50.0,01,,,
I0206,66,89,66,145.172,False,,inset_provisional,24.6792,0.016997,0.216991,0.00294558,50.0,01,,,
I0207,109,154,66,48.96,False,,inset_provisional,8.3232,0.005732,0.073181,0.00099341,50.0,01,,,
I0208,128,198,66,96.825,False,,inset_provisional,16.4603,0.011336,0.144726,0.0019646,50.0,01,,,
I0209,192,190,66,53.035,False,,inset_provisional,9.016,0.006209,0.079272,0.00107609,50.0,01,,,
I0210,174,177,66,77.365,False,,inset_provisional,13.1521,0.009058,0.115639,0.00156976,50.0,01,,,
I0211,166,93,66,73.229,False,,inset_provisional,12.4489,0.008574,0.109457,0.00148583,50.0,01,,,
I0212,94,96,66,22.127,False,,inset_provisional,3.7616,0.002591,0.033074,0.00044896,50.0,01,,,
I0213,152,104,66,125.995,False,,inset_provisional,21.4192,0.014751,0.188327,0.00255647,50.0,01,,,
I0214,95,132,66,15.844,False,,inset_provisional,2.6935,0.001855,0.023682,0.00032148,50.0,01,,,
I0215,199,200,66,38.02,False,,inset_provisional,6.4634,0.004451,0.056829,0.00077144,50.0,01,,,
I0216,183,194,66,33.217,False,,inset_provisional,5.6469,0.003889,0.04965,0.00067398,50.0,01,,,
I0217,167,213,66,90.675,False,,inset_provisional,15.4148,0.010616,0.135534,0.00183982,50.0,01,,,
I0218,131,129,66,28.267,False,,inset_provisional,4.8054,0.003309,0.042251,0.00057354,50.0,01,,,
I0219,129,130,66,13.87,False,,inset_provisional,2.3579,0.001624,0.020732,0.00028143,50.0,01,,,
I0220,130,133,66,17.201,False,,inset_provisional,2.9242,0.002014,0.025711,0.00034901,50.0,01,,,
I0221,138,136,66,80.525,False,,inset_provisional,13.6893,0.009428,0.120362,0.00163387,50.0,01,,,
I0222,193,143,66,105.079,False,,inset_provisional,17.8634,0.012303,0.157064,0.00213208,50.0,01,,,
I0223,103,146,66,74.844,False,,inset_provisional,12.7235,0.008763,0.111871,0.0015186,50.0,01,,,
I0224,186,189,66,24.712,False,,inset_provisional,4.201,0.002893,0.036938,0.00050141,50.0,01,,,
I0225,202,203,66,79.196,False,,inset_provisional,13.4633,0.009272,0.118376,0.00160691,50.0,01,,,
I0226,233,205,66,129.974,False,,inset_provisional,22.0956,0.015217,0.194275,0.0026372,50.0,01,,,
I0227,212,211,66,46.144,False,,inset_provisional,7.8445,0.005403,0.068972,0.00093627,50.0,01,,,
I0228,227,218,66,143.599,False,,inset_provisional,24.4118,0.016813,0.21464,0.00291366,50.0,01,,,
I0229,203,219,66,69.059,False,,inset_provisional,11.74,0.008085,0.103224,0.00140122,50.0,01,,,
I0230,72,226,66,63.183,False,,inset_provisional,10.7411,0.007397,0.094441,0.001282,50.0,01,,,
I0231,136,228,66,40.282,False,,inset_provisional,6.8479,0.004716,0.06021,0.00081733,50.0,01,,,
I0232,218,234,66,67.024,False,,inset_provisional,11.3941,0.007847,0.100182,0.00135993,50.0,01,,,
I0233,234,235,66,15.39,False,,inset_provisional,2.6163,0.001802,0.023004,0.00031227,50.0,01,,,
I0234,135,236,66,29.4,False,,inset_provisional,4.998,0.003442,0.043945,0.00059653,50.0,01,,,
I0235,235,237,66,21.277,False,,inset_provisional,3.6171,0.002491,0.031803,0.00043172,50.0,01,,,
271E,10001,10002,66,100.036,False,"[[301.68, 1024.081], [301.843, 1023.594], [302.007, 1023.106], [302.173, 1022.616], [302.34, 1022.124], [302.509, 1021.632], [302.678, 1021.139], [302.848, 1020.645], [303.018, 1020.151], [303.189, 1019.656], [303.36, 1019.161], [303.531, 1018.666], [303.702, 1018.171], [303.872, 1017.677], [304.042, 1017.183], [304.211, 1016.69], [304.38, 1016.197], [304.547, 1015.706], [304.713, 1015.216], [304.877, 1014.728], [305.04, 1014.241], [337.92, 1013.161], [380.88, 1010.281], [388.92, 1012.561], [389.011, 1012.812], [389.103, 1013.062], [389.198, 1013.31], [389.293, 1013.556], [389.391, 1013.802], [389.489, 1014.047], [389.589, 1014.291], [389.69, 1014.535], [389.792, 1014.778], [389.895, 1015.021], [389.999, 1015.264], [390.104, 1015.507], [390.209, 1015.751], [390.315, 1015.995], [390.422, 1016.24], [390.529, 1016.485], [390.636, 1016.732], [390.744, 1016.98], [390.852, 1017.23], [390.96, 1017.481]]",actual,22.0079,0.015157,0.193504,0.00262674,50.0,02,,,
261P,10001,10055,66,102.044,False,"[[301.68, 936.84], [301.68, 978.481], [298.32, 990.841], [298.32, 997.321], [287.76, 1020.121], [293.64, 1019.401], [302.28, 1024.561]]",actual,22.4497,0.015461,0.197388,0.00267947,50.0,02,,,
273B,10001,10091,66,44.037,False,"[[304.08, 1023.961], [304.08, 1035.601], [315.96, 1039.441], [315.24, 1045.921], [319.2, 1053.001], [324.48, 1053.001]]",actual,9.6881,0.006672,0.085183,0.00115632,50.0,02,,,
2711,10001,10220,33,126.416,False,"[[183.24, 1016.401], [189.84, 1015.201], [189.12, 1018.921], [193.08, 1018.921], [204.24, 1022.761], [208.2, 1020.841], [223.32, 1026.601], [243.12, 1027.801], [273.96, 1030.441], [302.28, 1025.281]]",actual,27.8115,0.144804,0.996005,0.0009086,20.0,02,,,
L0001,10002,10056,66,59.985,False,"[[391.2, 1018.801], [396.84, 1024.561], [398.64, 1030.321], [397.32, 1038.481], [406.92, 1042.201], [406.902, 1042.487], [406.884, 1042.77], [406.866, 1043.051], [406.848, 1043.329], [406.83, 1043.605], [406.812, 1043.88], [406.794, 1044.154], [406.776, 1044.428], [406.758, 1044.702], [406.74, 1044.976], [406.722, 1045.251], [406.704, 1045.527], [406.686, 1045.806], [406.668, 1046.086], [406.65, 1046.369], [406.632, 1046.655], [406.614, 1046.945], [406.596, 1047.239], [406.578, 1047.538], [406.56, 1047.841], [417.96, 1052.761], [417.925, 1052.308], [417.891, 1051.851], [417.859, 1051.39], [417.828, 1050.925], [417.799, 1050.457], [417.77, 1049.986], [417.742, 1049.515], [417.714, 1049.042], [417.687, 1048.569], [417.66, 1048.096], [417.633, 1047.624], [417.606, 1047.154], [417.578, 1046.685], [417.55, 1046.22], [417.521, 1045.758], [417.492, 1045.3], [417.461, 1044.847], [417.429, 1044.399], [417.395, 1043.956], [417.36, 1043.521]]",actual,13.1967,0.009089,0.116032,0.00157508,50.0,02,,,
272G,10002,10116,66,30.405,False,"[[390.96, 1020.001], [375.0, 1034.041], [375.72, 1024.921]]",actual,6.6891,0.004607,0.058814,0.00079837,50.0,02,,,
L0002,10002,10229,33,25.02,False,"[[401.4, 999.361], [396.12, 1011.841], [393.6, 1017.121], [388.32, 1019.041]]",actual,5.5044,0.028659,0.197127,0.00017983,20.0,02,,,
L0003,10003,10004,66,61.8,False,"[[121.44, 745.32], [167.76, 763.92], [179.16, 760.56]]",actual,13.596,0.009364,0.119542,0.00162274,50.0,02,,,
L0004,10003,10199,66,27.427,False,"[[93.72, 746.88], [121.08, 744.96]]",actual,6.0339,0.004156,0.053053,0.00072018,50.0,02,,,
221M,10004,10200,66,21.23,False,"[[180.6, 759.12], [195.0, 743.52]]",actual,4.6706,0.003217,0.041066,0.00055746,50.0,02,,,
L0005,10005,10006,66,57.648,False,"[[159.36, 721.32], [208.44, 751.56]]",actual,12.6826,0.008735,0.111511,0.00151372,50.0,02,,,
L0006,10005,10151,66,21.542,False,"[[153.6, 695.64], [158.4, 716.64]]",actual,4.7392,0.003264,0.04167,0.00056565,50.0,02,,,
231D,10006,10148,66,52.055,False,"[[228.72, 717.6], [231.12, 742.44], [227.4, 750.48], [209.16, 750.6]]",actual,11.4521,0.007887,0.100692,0.00136686,50.0,02,,,
221J,10006,10152,66,54.086,False,"[[209.16, 752.88], [228.0, 752.88], [232.68, 769.56], [226.44, 786.36]]",actual,11.8989,0.008195,0.104621,0.00142019,50.0,02,,,
L0007,10007,10008,66,14.674,False,"[[160.44, 761.16], [169.68, 749.76]]",actual,3.2283,0.002223,0.028385,0.00038531,50.0,02,,,
282B,10009,10010,66,34.658,False,"[[666.36, 630.24], [684.24, 623.04], [699.6, 623.88]]",actual,7.6248,0.005251,0.06704,0.00091005,50.0,02,,,
282M,10009,10011,66,225.876,False,"[[667.08, 631.44], [667.08, 668.52], [670.32, 676.32], [670.356, 677.617], [670.392, 678.915], [670.428, 680.215], [670.464, 681.516], [670.5, 682.819], [670.536, 684.122], [670.572, 685.426], [670.608, 686.73], [670.644, 688.035], [670.68, 689.34], [670.716, 690.645], [670.752, 691.95], [670.788, 693.254], [670.824, 694.558], [670.86, 695.861], [670.896, 697.164], [670.932, 698.465], [670.968, 699.765], [671.004, 701.063], [671.04, 702.36], [680.28, 721.2], [680.28, 775.8], [690.24, 795.36], [673.68, 805.8], [667.08, 842.4]]",actual,49.6927,0.034224,0.436922,0.00593104,50.0,02,,,
L0008,10009,10050,66,34.732,False,"[[637.2, 639.36], [648.6, 639.36], [655.92, 629.04], [666.6, 629.04]]",actual,7.641,0.005262,0.067184,0.00091199,50.0,02,,,
292F,10011,10030,66,19.953,False,"[[644.52, 845.04], [653.76, 841.92], [663.96, 841.92]]",actual,4.3897,0.003023,0.038596,0.00052393,50.0,02,,,
292H,10011,10031,66,34.515,False,"[[665.64, 844.44], [654.6, 844.44], [646.2, 846.96], [633.0, 853.44]]",actual,7.5933,0.00523,0.066764,0.00090629,50.0,02,,,
292C,10011,10027,66,160.205,False,"[[668.28, 864.84], [666.36, 869.64], [641.52, 894.36], [601.44, 900.6], [594.6, 910.2], [594.473, 910.614], [594.345, 911.028], [594.215, 911.442], [594.084, 911.856], [593.951, 912.27], [593.818, 912.684], [593.684, 913.098], [593.55, 913.512], [593.415, 913.926], [593.28, 914.34], [593.145, 914.754], [593.01, 915.168], [592.876, 915.582], [592.742, 915.996], [592.609, 916.41], [592.476, 916.824], [592.345, 917.238], [592.215, 917.652], [592.087, 918.066], [591.96, 918.48], [588.72, 924.24], [584.16, 937.08], [584.16, 955.561], [580.8, 964.561], [585.36, 974.161]]",actual,35.2451,0.024273,0.309891,0.00420666,50.0,02,,,
L0009,10012,10013,66,21.12,False,"[[666.84, 666.48], [687.96, 666.48]]",actual,4.6464,0.0032,0.040853,0.00055457,50.0,02,,,
282N,10015,10016,66,10.8,False,"[[690.96, 721.56], [680.16, 721.56]]",actual,2.376,0.001636,0.020891,0.00028359,50.0,02,,,
221B,10017,10018,66,120.1,False,"[[87.12, 666.72], [92.64, 678.36], [93.96, 751.08], [96.96, 760.08], [93.24, 784.8]]",actual,26.422,0.018197,0.232315,0.00315358,50.0,02,,,
L0010,10017,10151,66,83.604,False,"[[87.12, 662.64], [100.56, 669.48], [112.44, 666.48], [118.44, 677.76], [129.24, 680.52], [129.312, 680.377], [129.384, 680.235], [129.456, 680.095], [129.528, 679.956], [129.6, 679.819], [129.672, 679.682], [129.744, 679.546], [129.816, 679.41], [129.888, 679.275], [129.96, 679.14], [130.032, 679.005], [130.104, 678.87], [130.176, 678.734], [130.248, 678.598], [130.32, 678.461], [130.392, 678.324], [130.464, 678.185], [130.536, 678.045], [130.608, 677.903], [130.68, 677.76], [142.92, 677.76], [143.529, 678.263], [144.134, 678.799], [144.734, 679.364], [145.331, 679.954], [145.924, 680.565], [146.514, 681.194], [147.103, 681.838], [147.689, 682.493], [148.275, 683.155], [148.86, 683.82], [149.445, 684.485], [150.031, 685.147], [150.617, 685.802], [151.206, 686.446], [151.796, 687.075], [152.389, 687.686], [152.986, 688.276], [153.586, 688.841], [154.191, 689.377], [154.8, 689.88]]",actual,18.3929,0.012667,0.161719,0.00219527,50.0,02,,,
222B,10017,10207,66,26.01,False,"[[101.04, 648.96], [104.88, 659.16], [90.12, 662.4]]",actual,5.7222,0.003941,0.050312,0.00068297,50.0,02,,,
221H,10018,10152,66,129.0,False,"[[98.16, 786.36], [227.16, 786.36]]",actual,28.38,0.019545,0.24953,0.00338728,50.0,02,,,
231C,10019,10020,66,18.026,False,"[[139.2, 768.84], [138.24, 786.84]]",actual,3.9657,0.002731,0.034868,0.00047333,50.0,02,,,
231A,10019,10193,66,11.702,False,"[[138.24, 776.28], [126.6, 775.08]]",actual,2.5744,0.001773,0.022636,0.00030727,50.0,02,,,
L0011,10021,10022,66,26.762,False,"[[416.88, 603.84], [420.72, 614.88], [417.72, 618.72], [407.52, 618.72]]",actual,5.8876,0.004055,0.051767,0.00070272,50.0,02,,,
L0012,10021,10069,66,19.107,False,"[[400.8, 570.6], [413.76, 584.64]]",actual,4.2035,0.002895,0.036959,0.00050171,50.0,02,,,
L0013,10022,10067,66,31.079,False,"[[381.12, 603.12], [408.0, 618.72]]",actual,6.8374,0.004709,0.060117,0.00081607,50.0,02,,,
L0014,10022,10076,66,28.174,False,"[[408.84, 621.6], [418.2, 621.6], [420.12, 630.72], [417.48, 639.84]]",actual,6.1983,0.004269,0.054498,0.00073979,50.0,02,,,
L0015,10022,10065,66,10.885,False,"[[400.08, 613.68], [397.44, 624.24]]",actual,2.3947,0.001649,0.021055,0.00028582,50.0,02,,,
221C,10023,10024,66,31.082,False,"[[121.8, 678.96], [121.44, 710.04]]",actual,6.838,0.004709,0.060123,0.00081615,50.0,02,,,
L0016,10025,10026,66,55.926,False,"[[299.52, 909.24], [299.76, 933.84], [301.08, 936.36], [317.76, 939.36], [329.04, 936.96]]",actual,12.3037,0.008474,0.10818,0.0014685,50.0,02,,,
261A,10025,10026,66,41.234,False,"[[301.92, 906.24], [311.28, 906.84], [311.682, 907.577], [312.164, 908.449], [312.718, 909.445], [313.339, 910.553], [314.019, 911.764], [314.752, 913.065], [315.531, 914.446], [316.349, 915.897], [317.199, 917.405], [318.075, 918.96], [318.97, 920.551], [319.877, 922.167], [320.789, 923.798], [321.7, 925.431], [322.603, 927.056], [323.491, 928.663], [324.358, 930.239], [325.196, 931.775], [325.999, 933.259], [326.76, 934.68]]",actual,9.0715,0.006248,0.079761,0.00108272,50.0,02,,,
L0017,10025,10126,66,17.141,False,"[[300.12, 905.76], [288.12, 903.6], [285.0, 907.44]]",actual,3.771,0.002597,0.033157,0.00045009,50.0,02,,,
L0018,10025,10126,66,12.241,False,"[[287.04, 917.16], [299.28, 917.04]]",actual,2.693,0.001855,0.023678,0.00032142,50.0,02,,,
L0019,10025,10093,66,34.786,False,"[[302.76, 902.52], [309.36, 902.52], [307.92, 895.44], [310.56, 884.64], [320.4, 884.4]]",actual,7.6529,0.005271,0.067288,0.00091341,50.0,02,,,
261B,10025,10129,66,13.081,False,"[[307.8, 895.2], [320.88, 895.08]]",actual,2.8778,0.001982,0.025303,0.00034348,50.0,02,,,
L0020,10025,10203,66,26.818,False,"[[301.68, 903.72], [287.52, 899.76], [280.8, 889.68]]",actual,5.9,0.004063,0.051875,0.00070419,50.0,02,,,
261C,10026,10127,66,62.376,False,"[[330.72, 936.84], [335.76, 936.24], [339.0, 931.2], [381.84, 931.2], [381.894, 930.786], [381.948, 930.372], [382.002, 929.958], [382.056, 929.543], [382.11, 929.128], [382.164, 928.713], [382.218, 928.297], [382.272, 927.88], [382.326, 927.463], [382.38, 927.045], [382.434, 926.626], [382.488, 926.206], [382.542, 925.785], [382.596, 925.363], [382.65, 924.939], [382.704, 924.515], [382.758, 924.088], [382.812, 923.661], [382.866, 923.231], [382.92, 922.8]]",actual,13.7227,0.009451,0.120657,0.00163787,50.0,02,,,
L0021,10027,10028,66,24.726,False,"[[585.48, 977.041], [577.8, 981.841], [577.92, 987.601], [578.373, 987.745], [578.833, 987.889], [579.299, 988.033], [579.77, 988.177], [580.245, 988.321], [580.724, 988.465], [581.205, 988.609], [581.689, 988.753], [582.174, 988.897], [582.66, 989.041], [583.146, 989.185], [583.631, 989.329], [584.115, 989.473], [584.596, 989.617], [585.075, 989.761], [585.55, 989.905], [586.021, 990.049], [586.487, 990.193], [586.946, 990.337], [587.4, 990.481]]",actual,5.4397,0.003746,0.047829,0.00064925,50.0,02,,,
L0022,10027,10052,66,11.753,False,"[[577.08, 964.681], [582.24, 975.241]]",actual,2.5857,0.001781,0.022734,0.00030861,50.0,02,,,
293A,10027,10108,66,26.989,False,"[[584.88, 977.281], [595.92, 974.281], [595.742, 974.298], [595.708, 974.314], [595.81, 974.327], [596.041, 974.34], [596.392, 974.35], [596.857, 974.36], [597.428, 974.368], [598.097, 974.375], [598.857, 974.381], [599.7, 974.386], [600.619, 974.39], [601.605, 974.393], [602.652, 974.396], [603.752, 974.398], [604.897, 974.399], [606.081, 974.4], [607.294, 974.401], [608.53, 974.401], [609.781, 974.401], [611.04, 974.401]]",actual,5.9376,0.004089,0.052206,0.00070868,50.0,02,,,
L0023,10027,10059,66,39.173,False,"[[581.88, 975.241], [574.08, 979.681], [572.76, 986.641], [564.96, 985.801], [556.68, 988.441], [558.36, 994.801]]",actual,8.6181,0.005935,0.075774,0.0010286,50.0,02,,,
292J,10030,10031,66,33.615,False,"[[644.88, 844.68], [629.4, 852.12], [629.4, 868.56]]",actual,7.3953,0.005093,0.065023,0.00088266,50.0,02,,,
L0024,10031,10032,66,129.387,False,"[[528.36, 836.64], [521.04, 840.48], [520.985, 840.68], [520.929, 840.883], [520.87, 841.089], [520.811, 841.297], [520.749, 841.508], [520.687, 841.72], [520.623, 841.934], [520.558, 842.148], [520.492, 842.364], [520.425, 842.58], [520.357, 842.796], [520.288, 843.012], [520.219, 843.226], [520.149, 843.44], [520.078, 843.652], [520.007, 843.863], [519.936, 844.071], [519.864, 844.277], [519.792, 844.48], [519.72, 844.68], [526.44, 846.6], [545.16, 845.88], [557.88, 855.96], [573.12, 862.32], [588.84, 859.2], [604.56, 864.72], [617.28, 867.72], [629.76, 868.32]]",actual,28.4651,0.019604,0.250279,0.00339744,50.0,02,,,
292G,10031,10051,66,65.631,False,"[[632.64, 869.16], [632.571, 869.622], [632.509, 870.073], [632.453, 870.513], [632.401, 870.945], [632.353, 871.369], [632.308, 871.787], [632.266, 872.199], [632.225, 872.608], [632.185, 873.015], [632.145, 873.42], [632.104, 873.825], [632.061, 874.232], [632.016, 874.641], [631.967, 875.053], [631.914, 875.471], [631.857, 875.895], [631.793, 876.327], [631.723, 876.768], [631.646, 877.218], [631.56, 877.68], [631.541, 878.059], [631.521, 878.439], [631.499, 878.821], [631.476, 879.204], [631.451, 879.589], [631.426, 879.974], [631.4, 880.36], [631.374, 880.746], [631.347, 881.133], [631.32, 881.52], [631.293, 881.907], [631.266, 882.294], [631.24, 882.68], [631.214, 883.066], [631.189, 883.451], [631.164, 883.836], [631.141, 884.219], [631.119, 884.601], [631.099, 884.981], [631.08, 885.36], [625.2, 891.84], [599.88, 894.36], [591.12, 906.72]]",actual,14.4388,0.009944,0.126953,0.00172334,50.0,02,,,
L0025,10032,10123,66,118.304,False,"[[428.52, 808.8], [428.502, 809.231], [428.484, 809.661], [428.466, 810.088], [428.448, 810.515], [428.43, 810.939], [428.412, 811.363], [428.394, 811.785], [428.376, 812.206], [428.358, 812.626], [428.34, 813.045], [428.322, 813.463], [428.304, 813.88], [428.286, 814.297], [428.268, 814.713], [428.25, 815.128], [428.232, 815.543], [428.214, 815.958], [428.196, 816.372], [428.178, 816.786], [428.16, 817.2], [443.04, 820.8], [449.52, 816.84], [490.8, 833.04], [500.16, 838.92], [514.92, 843.12], [518.16, 836.64], [526.56, 833.4]]",actual,26.0269,0.017925,0.228841,0.00310642,50.0,02,,,
L0026,10032,10233,33,41.97,False,"[[534.84, 807.84], [539.04, 808.56], [543.72, 808.56], [542.4, 811.92], [540.36, 820.56], [533.52, 827.16], [525.96, 835.2]]",actual,9.2334,0.048075,0.330673,0.00030166,20.0,02,,,
L0027,10033,10034,66,71.58,False,"[[562.08, 187.44], [581.76, 222.6], [590.64, 252.6]]",actual,15.7476,0.010845,0.13846,0.00187955,50.0,02,,,
L0028,10034,10035,66,17.496,False,"[[590.64, 252.6], [606.36, 244.92]]",actual,3.8491,0.002651,0.033843,0.00045941,50.0,02,,,
281P,10034,10190,66,30.12,False,"[[590.76, 252.36], [587.28, 253.08], [563.4, 264.72]]",actual,6.6264,0.004564,0.058262,0.00079089,50.0,02,,,
L0029,10034,10191,66,26.214,False,"[[594.0, 250.92], [592.32, 224.76]]",actual,5.7671,0.003972,0.050707,0.00068833,50.0,02,,,
L0030,10034,10192,66,14.869,False,"[[597.0, 249.84], [598.8, 235.08]]",actual,3.2712,0.002253,0.028762,0.00039043,50.0,02,,,
281F,10035,10047,66,102.44,False,"[[609.48, 246.72], [593.28, 257.88], [601.68, 267.84], [607.68, 278.52], [609.6, 290.64], [613.56, 291.84], [618.12, 301.44], [618.12, 305.88], [623.16, 319.2], [623.195, 319.452], [623.229, 319.704], [623.261, 319.956], [623.291, 320.208], [623.321, 320.46], [623.35, 320.712], [623.378, 320.964], [623.406, 321.216], [623.433, 321.468], [623.46, 321.72], [623.487, 321.972], [623.514, 322.224], [623.542, 322.476], [623.57, 322.728], [623.599, 322.98], [623.628, 323.232], [623.659, 323.484], [623.691, 323.736], [623.725, 323.988], [623.76, 324.24], [617.28, 325.92]]",actual,22.5368,0.015521,0.198154,0.00268987,50.0,02,,,
L0031,10036,10037,66,29.618,False,"[[666.84, 645.24], [674.88, 653.4], [686.88, 653.4], [686.16, 647.28]]",actual,6.516,0.004488,0.057291,0.00077771,50.0,02,,,
L0032,10038,10039,66,37.671,False,"[[414.6, 427.44], [409.44, 435.12], [409.438, 435.472], [409.433, 435.844], [409.426, 436.233], [409.416, 436.638], [409.404, 437.055], [409.391, 437.483], [409.378, 437.92], [409.363, 438.363], [409.349, 438.81], [409.335, 439.26], [409.322, 439.71], [409.31, 440.157], [409.301, 440.6], [409.293, 441.037], [409.288, 441.465], [409.286, 441.882], [409.288, 442.287], [409.294, 442.676], [409.305, 443.048], [409.32, 443.4], [405.6, 450.0], [396.84, 459.0]]",actual,8.2876,0.005708,0.072869,0.00098916,50.0,02,,,
212B,10038,10072,66,67.937,False,"[[414.84, 427.08], [421.44, 429.48], [454.32, 425.52], [462.96, 427.92], [470.76, 423.96], [480.72, 425.52]]",actual,14.9461,0.010293,0.131413,0.00178389,50.0,02,,,
L0033,10038,10082,66,69.117,False,"[[415.56, 425.52], [416.16, 417.36], [417.96, 406.92], [421.8, 396.72], [422.64, 383.16], [425.16, 372.96], [427.44, 368.64], [437.88, 367.92]]",actual,15.2057,0.010472,0.133696,0.00181487,50.0,02,,,
223F,10039,10073,66,84.66,False,"[[351.48, 518.04], [363.12, 518.16], [366.6, 507.0], [366.84, 498.96], [374.4, 477.0], [383.76, 474.24], [387.6, 469.2], [396.6, 458.52]]",actual,18.6252,0.012827,0.163762,0.002223,50.0,02,,,
223Q,10040,10041,66,57.086,False,"[[311.16, 479.16], [318.36, 477.24], [326.28, 477.84], [331.56, 482.28], [348.72, 486.72], [354.72, 484.2], [365.28, 484.2]]",actual,12.5589,0.008649,0.110424,0.00149896,50.0,02,,,
L0034,10040,10042,66,39.0,False,"[[269.28, 482.52], [308.28, 482.52]]",actual,8.58,0.005909,0.075439,0.00102406,50.0,02,,,
L0035,10040,10042,33,42.12,False,"[[266.64, 479.64], [308.76, 479.64]]",actual,9.2664,0.048247,0.331855,0.00030273,20.0,02,,,
L0036,10040,10213,33,70.33,False,"[[310.2, 479.4], [308.88, 474.72], [302.04, 470.88], [300.72, 463.56], [298.68, 461.64], [296.64, 453.12], [301.44, 446.52], [300.0, 442.56], [304.08, 439.32], [302.04, 430.8], [298.68, 428.76], [299.4, 424.92], [297.96, 420.72]]",actual,15.4726,0.08056,0.554115,0.00050549,20.0,02,,,
223M,10042,10043,66,33.627,False,"[[235.08, 499.68], [267.48, 490.68]]",actual,7.3979,0.005095,0.065046,0.00088298,50.0,02,,,
223K,10042,10217,33,18.323,False,"[[266.64, 479.64], [262.32, 479.64], [258.0, 475.44], [252.24, 469.92]]",actual,4.0311,0.020988,0.144363,0.00013169,20.0,02,,,
L0037,10042,10221,33,10.991,False,"[[253.56, 488.16], [264.36, 486.12]]",actual,2.418,0.01259,0.086596,7.9e-05,20.0,02,,,
223J,10042,10238,33,26.183,False,"[[256.32, 454.8], [258.6, 467.4], [264.0, 479.64]]",actual,5.7603,0.029991,0.20629,0.00018819,20.0,02,,,
L0038,10044,10045,66,43.26,False,"[[439.8, 547.8], [446.04, 548.64], [449.52, 551.16], [458.04, 551.16], [463.32, 546.36], [465.84, 545.04], [469.2, 545.64], [472.44, 542.04], [478.32, 541.44]]",actual,9.5172,0.006555,0.08368,0.00113592,50.0,02,,,
L0039,10044,10143,66,76.863,False,"[[361.56, 550.92], [376.68, 547.32], [438.0, 547.32]]",actual,16.9099,0.011646,0.148679,0.00201827,50.0,02,,,
L0040,10045,10046,66,47.232,False,"[[501.36, 508.8], [497.4, 509.28], [487.2, 515.4], [485.16, 523.08], [489.96, 530.76], [488.28, 540.36], [483.72, 540.96]]",actual,10.391,0.007156,0.091363,0.00124022,50.0,02,,,
281G,10048,10049,66,28.805,False,"[[595.92, 536.88], [600.0, 533.64], [606.6, 531.72], [615.24, 525.96], [621.24, 523.92]]",actual,6.3371,0.004364,0.055719,0.00075636,50.0,02,,,
L0041,10049,10050,66,124.192,False,"[[620.04, 525.36], [625.92, 547.44], [633.84, 576.0], [633.84, 589.56], [638.52, 592.8], [644.4, 614.28], [639.12, 623.28], [641.76, 630.48], [633.84, 639.6]]",actual,27.3222,0.018817,0.24023,0.00326103,50.0,02,,,
281J,10049,10218,33,41.363,False,"[[580.56, 514.44], [591.72, 518.16], [599.76, 516.84], [605.04, 516.84], [609.6, 521.88], [614.88, 523.08], [618.84, 523.08]]",actual,9.0999,0.047379,0.32589,0.00029729,20.0,02,,,
281H,10049,10226,33,63.391,False,"[[622.68, 524.4], [630.0, 522.84], [636.48, 519.72], [642.24, 518.88], [650.16, 523.68], [658.08, 520.44], [671.88, 520.44], [682.68, 523.68]]",actual,13.946,0.072612,0.499444,0.00045562,20.0,02,,,
283A,10050,10140,66,48.267,False,"[[634.2, 637.8], [628.92, 635.04], [628.849, 634.86], [628.779, 634.68], [628.712, 634.5], [628.645, 634.32], [628.581, 634.14], [628.517, 633.96], [628.455, 633.78], [628.394, 633.6], [628.334, 633.42], [628.275, 633.24], [628.217, 633.06], [628.16, 632.88], [628.103, 632.7], [628.047, 632.52], [627.992, 632.34], [627.937, 632.16], [627.882, 631.98], [627.828, 631.8], [627.774, 631.62], [627.72, 631.44], [619.08, 630.0], [612.0, 635.4], [606.84, 642.36], [600.48, 646.32], [600.498, 646.554], [600.516, 646.788], [600.534, 647.022], [600.552, 647.256], [600.57, 647.49], [600.588, 647.724], [600.606, 647.958], [600.624, 648.192], [600.642, 648.426], [600.66, 648.66], [600.678, 648.894], [600.696, 649.128], [600.714, 649.362], [600.732, 649.596], [600.75, 649.83], [600.768, 650.064], [600.786, 650.298], [600.804, 650.532], [600.822, 650.766], [600.84, 651.0]]",actual,10.6187,0.007313,0.093365,0.00126739,50.0,02,,,
L0042,10051,10052,66,61.417,False,"[[591.12, 906.72], [591.12, 910.56], [589.08, 918.24], [584.4, 922.08], [579.84, 940.2], [580.44, 950.52], [577.08, 964.681]]",actual,13.5117,0.009306,0.118802,0.00161269,50.0,02,,,
L0043,10052,10107,66,22.036,False,"[[584.4, 950.04], [606.12, 946.32]]",actual,4.8479,0.003339,0.042625,0.00057862,50.0,02,,,
L0044,10052,10107,66,19.472,False,"[[586.08, 953.041], [605.28, 949.8]]",actual,4.2838,0.00295,0.037666,0.0005113,50.0,02,,,
292N,10052,10105,66,50.399,False,"[[578.04, 962.281], [570.84, 954.481], [562.32, 950.64], [555.36, 948.36], [552.36, 942.84], [548.04, 943.68], [537.36, 937.32]]",actual,11.0878,0.007636,0.097489,0.00132338,50.0,02,,,
L0045,10053,10054,66,33.04,False,"[[279.72, 822.24], [283.68, 817.56], [294.12, 817.56], [297.12, 809.52], [303.72, 813.84]]",actual,7.2688,0.005006,0.063911,0.00086756,50.0,02,,,
243A,10053,10078,66,78.412,False,"[[279.24, 819.48], [282.0, 815.4], [294.0, 809.4], [323.4, 768.96], [333.12, 771.6]]",actual,17.2506,0.011881,0.151676,0.00205894,50.0,02,,,
L0046,10053,10083,66,19.32,False,"[[281.88, 823.8], [301.2, 823.8]]",actual,4.2504,0.002927,0.037372,0.0005073,50.0,02,,,
L0047,10053,10084,66,45.955,False,"[[274.32, 839.52], [311.04, 839.52], [311.219, 839.377], [311.397, 839.235], [311.572, 839.095], [311.747, 838.956], [311.919, 838.819], [312.091, 838.682], [312.261, 838.546], [312.43, 838.41], [312.598, 838.275], [312.765, 838.14], [312.931, 838.005], [313.096, 837.87], [313.261, 837.734], [313.425, 837.598], [313.588, 837.461], [313.751, 837.324], [313.914, 837.185], [314.076, 837.045], [314.238, 836.903], [314.4, 836.76], [318.84, 838.8]]",actual,10.1101,0.006963,0.088893,0.00120668,50.0,02,,,
243F,10053,10136,66,14.748,False,"[[264.48, 833.76], [270.48, 830.76], [278.52, 830.76]]",actual,3.2446,0.002235,0.028528,0.00038725,50.0,02,,,
261J,10055,10133,66,70.361,False,"[[231.6, 937.56], [243.48, 941.64], [301.08, 936.84]]",actual,15.4794,0.010661,0.136102,0.00184754,50.0,02,,,
272E,10056,10057,66,25.815,False,"[[417.72, 1051.801], [423.84, 1057.561], [423.24, 1074.961]]",actual,5.6793,0.003911,0.049935,0.00067785,50.0,02,,,
L0048,10056,10058,66,30.167,False,"[[423.72, 1058.281], [415.68, 1062.481], [411.96, 1061.041], [405.48, 1065.241], [403.32, 1068.001], [397.44, 1068.001]]",actual,6.6367,0.004571,0.058353,0.00079212,50.0,02,,,
L0049,10056,10117,66,11.433,False,"[[410.4, 1049.161], [400.08, 1054.081]]",actual,2.5153,0.001732,0.022115,0.00030021,50.0,02,,,
294A,10059,10060,66,57.287,False,"[[557.16, 996.241], [553.92, 990.361], [547.32, 995.161], [544.2, 1013.281], [541.56, 1037.161]]",actual,12.6031,0.00868,0.110813,0.00150424,50.0,02,,,
L0050,10061,10062,66,60.507,False,"[[444.48, 263.4], [455.16, 265.32], [461.76, 256.08], [484.44, 260.04], [497.04, 268.68]]",actual,13.3115,0.009168,0.117041,0.00158879,50.0,02,,,
L0051,10062,10194,66,52.694,False,"[[493.2, 265.92], [491.64, 267.6], [494.52, 275.28], [502.08, 279.24], [503.88, 285.96], [515.28, 288.0], [522.12, 291.96], [526.08, 293.4], [526.32, 296.4]]",actual,11.5927,0.007984,0.101928,0.00138364,50.0,02,,,
232C,10063,10064,66,137.2,False,"[[135.36, 614.88], [160.2, 608.28], [186.96, 612.24], [215.04, 612.24], [231.48, 616.8], [244.56, 612.24], [261.12, 613.32], [261.22, 613.672], [261.34, 614.044], [261.477, 614.433], [261.629, 614.838], [261.793, 615.255], [261.968, 615.683], [262.151, 616.12], [262.339, 616.563], [262.531, 617.01], [262.725, 617.46], [262.918, 617.91], [263.107, 618.357], [263.291, 618.8], [263.468, 619.237], [263.634, 619.665], [263.789, 620.082], [263.929, 620.487], [264.052, 620.876], [264.157, 621.248], [264.24, 621.6]]",actual,30.184,0.020788,0.265392,0.00360259,50.0,02,,,
232A,10064,10090,66,23.346,False,"[[284.76, 622.68], [307.68, 627.12]]",actual,5.1361,0.003537,0.045159,0.00061302,50.0,02,,,
L0052,10064,10094,66,55.246,False,"[[269.52, 557.64], [272.76, 563.4], [274.08, 570.48], [273.48, 579.48], [274.8, 584.04], [275.4, 589.2], [275.382, 589.902], [275.364, 590.604], [275.346, 591.306], [275.328, 592.008], [275.31, 592.71], [275.292, 593.412], [275.274, 594.114], [275.256, 594.816], [275.238, 595.518], [275.22, 596.22], [275.202, 596.922], [275.184, 597.624], [275.166, 598.326], [275.148, 599.028], [275.13, 599.73], [275.112, 600.432], [275.094, 601.134], [275.076, 601.836], [275.058, 602.538], [275.04, 603.24], [278.4, 608.16], [277.2, 610.32]]",actual,12.1541,0.008371,0.106865,0.00145065,50.0,02,,,
234A,10064,10075,66,72.333,False,"[[286.92, 627.72], [289.92, 628.68], [290.043, 628.903], [290.159, 629.139], [290.269, 629.386], [290.374, 629.643], [290.475, 629.908], [290.572, 630.18], [290.667, 630.457], [290.759, 630.738], [290.85, 631.021], [290.94, 631.305], [291.03, 631.588], [291.121, 631.868], [291.213, 632.145], [291.308, 632.415], [291.405, 632.679], [291.506, 632.935], [291.611, 633.18], [291.721, 633.414], [291.837, 633.634], [291.96, 633.84], [298.44, 635.16], [304.92, 632.52], [320.16, 636.48], [345.84, 641.64], [353.76, 640.08]]",actual,15.9133,0.01096,0.139917,0.00189932,50.0,02,,,
L0053,10064,10098,66,36.483,False,"[[261.72, 577.2], [261.702, 578.85], [261.684, 580.554], [261.666, 582.308], [261.647, 584.104], [261.628, 585.938], [261.609, 587.801], [261.589, 589.69], [261.568, 591.596], [261.547, 593.515], [261.525, 595.44], [261.502, 597.365], [261.478, 599.284], [261.453, 601.19], [261.427, 603.079], [261.399, 604.942], [261.371, 606.776], [261.34, 608.572], [261.309, 610.326], [261.275, 612.03], [261.24, 613.68]]",actual,8.0263,0.005528,0.070571,0.00095797,50.0,02,,,
L0054,10064,10099,66,18.529,False,"[[286.32, 623.04], [283.8, 630.0], [281.04, 630.0], [280.895, 630.156], [280.714, 630.366], [280.501, 630.625], [280.26, 630.927], [279.996, 631.266], [279.711, 631.634], [279.409, 632.026], [279.095, 632.436], [278.772, 632.858], [278.445, 633.285], [278.117, 633.711], [277.791, 634.13], [277.473, 634.536], [277.165, 634.922], [276.872, 635.282], [276.597, 635.61], [276.345, 635.9], [276.118, 636.146], [275.922, 636.342], [275.76, 636.48]]",actual,4.0764,0.002807,0.035841,0.00048653,50.0,02,,,
232G,10064,10162,66,17.775,False,"[[279.24, 613.44], [287.76, 597.84]]",actual,3.9105,0.002693,0.034383,0.00046674,50.0,02,,,
L0055,10065,10066,66,11.582,False,"[[380.52, 615.0], [390.12, 608.52]]",actual,2.548,0.001755,0.022404,0.00030412,50.0,02,,,
L0056,10065,10110,66,32.026,False,"[[366.0, 621.6], [381.36, 624.36], [389.28, 629.28], [396.0, 627.0]]",actual,7.0457,0.004852,0.061949,0.00084094,50.0,02,,,
L0057,10067,10068,66,11.17,False,"[[380.52, 592.92], [381.0, 604.08]]",actual,2.4574,0.001692,0.021607,0.0002933,50.0,02,,,
L0058,10068,10074,66,34.429,False,"[[349.68, 580.56], [357.6, 584.76], [362.16, 585.12], [366.12, 588.84], [374.88, 589.68], [380.76, 592.8]]",actual,7.5744,0.005217,0.066598,0.00090404,50.0,02,,,
2102,10070,10071,66,17.894,False,"[[407.52, 323.64], [414.84, 327.0], [424.68, 327.0]]",actual,3.9367,0.002711,0.034613,0.00046986,50.0,02,,,
L0059,10070,10227,33,19.487,False,"[[414.84, 324.72], [416.28, 321.24], [422.64, 320.52], [425.16, 313.44], [425.281, 313.439], [425.392, 313.437], [425.494, 313.433], [425.589, 313.428], [425.678, 313.421], [425.76, 313.414], [425.839, 313.406], [425.915, 313.398], [425.988, 313.389], [426.06, 313.38], [426.132, 313.371], [426.205, 313.362], [426.281, 313.354], [426.36, 313.346], [426.442, 313.339], [426.531, 313.332], [426.626, 313.327], [426.728, 313.323], [426.839, 313.321], [426.96, 313.32]]",actual,4.2871,0.022321,0.153534,0.00014006,20.0,02,,,
223A,10073,10074,66,81.248,False,"[[352.44, 521.88], [364.08, 523.44], [361.56, 545.52], [364.08, 566.64], [367.92, 576.84], [353.16, 580.08]]",actual,17.8746,0.01231,0.157162,0.00213341,50.0,02,,,
L0060,10074,10075,66,53.233,False,"[[350.04, 584.88], [352.8, 589.32], [353.28, 623.4], [353.52, 637.32]]",actual,11.7113,0.008066,0.102971,0.00139779,50.0,02,,,
234D,10075,10076,66,62.04,False,"[[355.44, 639.84], [417.48, 639.84]]",actual,13.6488,0.0094,0.120007,0.00162904,50.0,02,,,
L0061,10075,10077,66,29.831,False,"[[354.12, 638.28], [352.8, 650.52], [359.76, 650.52], [359.76, 656.16], [364.68, 656.16]]",actual,6.5628,0.00452,0.057703,0.0007833,50.0,02,,,
L0062,10075,10090,66,46.13,False,"[[307.68, 627.12], [352.8, 636.72]]",actual,10.1486,0.006989,0.089231,0.00121128,50.0,02,,,
L0063,10077,10079,66,84.511,False,"[[369.96, 703.68], [357.36, 703.8], [354.0, 682.32], [348.24, 680.16], [351.96, 672.48], [351.888, 672.138], [351.816, 671.796], [351.744, 671.454], [351.672, 671.112], [351.6, 670.77], [351.528, 670.428], [351.456, 670.086], [351.384, 669.744], [351.312, 669.402], [351.24, 669.06], [351.168, 668.718], [351.096, 668.376], [351.024, 668.034], [350.952, 667.692], [350.88, 667.35], [350.808, 667.008], [350.736, 666.666], [350.664, 666.324], [350.592, 665.982], [350.52, 665.64], [350.611, 665.046], [350.703, 664.452], [350.798, 663.858], [350.893, 663.263], [350.991, 662.668], [351.089, 662.073], [351.189, 661.477], [351.29, 660.88], [351.392, 660.283], [351.495, 659.685], [351.599, 659.086], [351.704, 658.486], [351.809, 657.885], [351.915, 657.283], [352.022, 656.679], [352.129, 656.075], [352.236, 655.468], [352.344, 654.861], [352.452, 654.251], [352.56, 653.64], [356.4, 653.76], [356.4, 658.68], [363.96, 658.68]]",actual,18.5924,0.012805,0.163473,0.00221909,50.0,02,,,
L0064,10078,10079,66,88.138,False,"[[334.44, 771.12], [328.2, 763.08], [335.16, 752.16], [343.32, 739.08], [350.64, 725.88], [351.6, 724.08], [356.76, 720.12], [358.92, 714.24], [358.08, 706.92], [370.32, 705.48]]",actual,19.3904,0.013354,0.170489,0.00231432,50.0,02,,,
L0065,10079,10222,33,21.524,False,"[[370.56, 707.04], [370.56, 711.72], [375.0, 713.04], [375.72, 715.8], [375.72, 725.16]]",actual,4.7353,0.024655,0.169583,0.0001547,20.0,02,,,
L0066,10080,10081,66,120.313,False,"[[459.24, 203.16], [444.96, 263.16], [438.72, 288.12], [427.8, 277.32], [419.28, 277.2], [419.315, 277.681], [419.349, 278.152], [419.381, 278.614], [419.412, 279.069], [419.443, 279.518], [419.473, 279.96], [419.503, 280.399], [419.533, 280.835], [419.564, 281.268], [419.595, 281.7], [419.627, 282.132], [419.66, 282.565], [419.695, 283.001], [419.731, 283.44], [419.769, 283.883], [419.81, 284.331], [419.853, 284.786], [419.899, 285.248], [419.948, 285.719], [420.0, 286.2]]",actual,26.4689,0.018229,0.232727,0.00315917,50.0,02,,,
L0067,10081,10082,66,111.484,False,"[[422.4, 287.04], [424.32, 280.68], [426.72, 280.56], [436.68, 294.12], [425.88, 322.8], [425.825, 323.16], [425.769, 323.52], [425.711, 323.88], [425.652, 324.24], [425.591, 324.6], [425.53, 324.96], [425.468, 325.32], [425.406, 325.68], [425.343, 326.04], [425.28, 326.4], [425.217, 326.76], [425.154, 327.12], [425.092, 327.48], [425.03, 327.84], [424.969, 328.2], [424.908, 328.56], [424.849, 328.92], [424.791, 329.28], [424.735, 329.64], [424.68, 330.0], [428.76, 334.92], [428.52, 342.24], [425.76, 345.84], [425.779, 346.617], [425.799, 347.367], [425.821, 348.092], [425.844, 348.796], [425.869, 349.481], [425.894, 350.151], [425.92, 350.809], [425.946, 351.458], [425.973, 352.101], [426.0, 352.74], [426.027, 353.38], [426.054, 354.022], [426.08, 354.671], [426.106, 355.329], [426.131, 355.999], [426.156, 356.684], [426.179, 357.388], [426.201, 358.113], [426.221, 358.863], [426.24, 359.64], [427.44, 365.28], [437.28, 365.28]]",actual,24.5265,0.016892,0.215648,0.00292734,50.0,02,,,
L0068,10083,10084,66,18.363,False,"[[300.48, 823.8], [317.16, 831.48]]",actual,4.0399,0.002782,0.03552,0.00048218,50.0,02,,,
L0069,10084,10093,66,50.604,False,"[[319.8, 880.8], [311.4, 880.8], [314.52, 861.6], [314.566, 861.334], [314.698, 860.807], [314.906, 860.048], [315.181, 859.087], [315.514, 857.951], [315.894, 856.671], [316.312, 855.275], [316.759, 853.791], [317.225, 852.25], [317.7, 850.68], [318.175, 849.11], [318.641, 847.569], [319.088, 846.085], [319.506, 844.689], [319.886, 843.409], [320.219, 842.273], [320.494, 841.312], [320.702, 840.553], [320.834, 840.026], [320.88, 839.76]]",actual,11.1329,0.007667,0.097886,0.00132876,50.0,02,,,
L0070,10084,10241,66,82.462,False,"[[321.72, 838.68], [321.738, 838.248], [321.756, 837.816], [321.774, 837.384], [321.792, 836.951], [321.81, 836.518], [321.828, 836.085], [321.846, 835.651], [321.864, 835.216], [321.882, 834.781], [321.9, 834.345], [321.918, 833.908], [321.936, 833.47], [321.954, 833.031], [321.972, 832.591], [321.99, 832.149], [322.008, 831.707], [322.026, 831.262], [322.044, 830.817], [322.062, 830.369], [322.08, 829.92], [333.36, 817.56], [390.321, 817.464]]",actual,18.1416,0.012494,0.15951,0.00216528,50.0,02,,,
273D,10085,10086,66,19.993,False,"[[367.32, 1062.241], [370.56, 1066.681], [364.08, 1071.721], [358.32, 1074.241]]",actual,4.3985,0.003029,0.038673,0.00052498,50.0,02,,,
L0071,10086,10087,66,30.912,False,"[[358.32, 1074.241], [347.52, 1079.281], [341.76, 1086.361], [341.366, 1086.45], [340.944, 1086.538], [340.495, 1086.624], [340.023, 1086.708], [339.532, 1086.792], [339.025, 1086.875], [338.505, 1086.957], [337.976, 1087.039], [337.439, 1087.12], [336.9, 1087.201], [336.361, 1087.282], [335.824, 1087.363], [335.295, 1087.445], [334.775, 1087.527], [334.267, 1087.61], [333.777, 1087.693], [333.305, 1087.778], [332.856, 1087.864], [332.434, 1087.952], [332.04, 1088.041]]",actual,6.8006,0.004684,0.059794,0.00081169,50.0,02,,,
L0072,10087,10088,66,39.679,False,"[[340.44, 1052.761], [345.96, 1054.201], [345.997, 1054.652], [346.035, 1055.104], [346.075, 1055.558], [346.116, 1056.013], [346.159, 1056.47], [346.202, 1056.927], [346.246, 1057.385], [346.29, 1057.843], [346.335, 1058.302], [346.38, 1058.761], [346.425, 1059.22], [346.47, 1059.679], [346.514, 1060.137], [346.558, 1060.595], [346.601, 1061.052], [346.644, 1061.508], [346.685, 1061.964], [346.725, 1062.418], [346.763, 1062.87], [346.8, 1063.321], [337.44, 1077.241], [329.4, 1077.361]]",actual,8.7294,0.006012,0.076753,0.00104189,50.0,02,,,
273C,10087,10091,66,29.653,False,"[[324.48, 1053.001], [330.48, 1082.041]]",actual,6.5237,0.004493,0.057359,0.00077863,50.0,02,,,
L0073,10087,10092,66,10.32,False,"[[330.48, 1094.881], [330.48, 1105.201]]",actual,2.2704,0.001564,0.019962,0.00027098,50.0,02,,,
271C,10089,10118,66,15.96,False,"[[338.52, 997.801], [338.52, 1013.761]]",actual,3.5112,0.002418,0.030872,0.00041908,50.0,02,,,
273F,10091,10092,66,59.279,False,"[[324.48, 1053.001], [330.48, 1081.921], [331.92, 1088.401], [330.48, 1094.761], [330.48, 1105.081], [336.36, 1107.241]]",actual,13.0414,0.008982,0.114666,0.00155655,50.0,02,,,
L0074,10094,10095,66,61.437,False,"[[211.44, 548.64], [218.4, 549.96], [226.92, 549.96], [230.88, 548.64], [237.48, 548.64], [246.0, 551.88], [249.84, 549.36], [269.52, 557.64]]",actual,13.5161,0.009309,0.11884,0.00161321,50.0,02,,,
2307,10096,10097,66,18.01,False,"[[222.6, 561.72], [236.64, 573.0]]",actual,3.9622,0.002729,0.034838,0.00047291,50.0,02,,,
L0075,10097,10098,66,18.711,False,"[[244.68, 571.2], [262.32, 577.44]]",actual,4.1164,0.002835,0.036193,0.00049131,50.0,02,,,
281N,10100,10101,66,19.638,False,"[[637.8, 305.88], [627.24, 305.04], [623.16, 306.84], [618.6, 306.36]]",actual,4.3204,0.002975,0.037987,0.00051565,50.0,02,,,
L0076,10102,10103,66,21.12,False,"[[648.36, 439.08], [669.48, 439.08]]",actual,4.6464,0.0032,0.040853,0.00055457,50.0,02,,,
282G,10104,10212,33,77.657,False,"[[678.6, 790.8], [681.0, 792.96], [668.88, 801.96], [665.4, 802.56], [658.2, 802.44], [652.08, 804.84], [648.72, 802.92], [645.48, 798.6], [639.6, 800.88], [638.16, 804.96], [633.12, 806.4], [628.08, 802.92], [626.04, 800.16], [618.72, 800.4]]",actual,17.0845,0.088953,0.611843,0.00055815,20.0,02,,,
L0077,10105,10106,66,45.988,False,"[[536.88, 934.2], [546.24, 937.68], [557.76, 937.32], [563.88, 935.04], [568.08, 931.2], [575.64, 933.96], [579.84, 933.72]]",actual,10.1174,0.006968,0.088957,0.00120755,50.0,02,,,
L0078,10109,10110,66,13.534,False,"[[353.4, 618.84], [366.72, 621.24]]",actual,2.9775,0.002051,0.026179,0.00035538,50.0,02,,,
234M,10111,10112,66,19.392,False,"[[362.64, 671.16], [369.36, 666.84], [369.78, 666.838], [370.246, 666.833], [370.753, 666.825], [371.294, 666.815], [371.867, 666.803], [372.465, 666.788], [373.084, 666.772], [373.718, 666.756], [374.364, 666.738], [375.015, 666.72], [375.667, 666.702], [376.315, 666.685], [376.954, 666.668], [377.579, 666.652], [378.186, 666.638], [378.768, 666.625], [379.322, 666.615], [379.841, 666.607], [380.323, 666.602], [380.76, 666.6]]",actual,4.2662,0.002938,0.037511,0.00050919,50.0,02,,,
L0079,10111,10195,66,11.52,False,"[[351.12, 672.6], [351.541, 672.6], [352.01, 672.6], [352.52, 672.6], [353.067, 672.6], [353.646, 672.6], [354.251, 672.6], [354.878, 672.6], [355.521, 672.6], [356.175, 672.6], [356.835, 672.6], [357.496, 672.6], [358.153, 672.6], [358.8, 672.6], [359.433, 672.6], [360.047, 672.6], [360.636, 672.6], [361.194, 672.6], [361.718, 672.6], [362.202, 672.6], [362.64, 672.6]]",actual,2.5344,0.001745,0.022284,0.00030249,50.0,02,,,
L0080,10112,10180,66,14.045,False,"[[374.64, 680.76], [374.28, 666.72]]",actual,3.0899,0.002128,0.027168,0.00036879,50.0,02,,,
L0081,10114,10115,66,22.236,False,"[[326.88, 977.281], [331.32, 978.601], [334.44, 981.241], [340.8, 979.321], [338.88, 985.921]]",actual,4.8919,0.003369,0.043012,0.00058387,50.0,02,,,
L0082,10120,10145,66,21.476,False,"[[332.88, 728.28], [337.92, 721.32], [349.56, 726.84]]",actual,4.7247,0.003254,0.041542,0.00056392,50.0,02,,,
234C,10120,10163,66,17.962,False,"[[337.2, 722.76], [323.52, 711.12]]",actual,3.9516,0.002722,0.034745,0.00047165,50.0,02,,,
L0083,10123,10241,66,43.798,False,"[[390.321, 817.464], [404.88, 817.44], [411.72, 813.0], [423.36, 816.12], [423.365, 815.716], [423.38, 815.298], [423.404, 814.866], [423.435, 814.424], [423.472, 813.971], [423.516, 813.511], [423.563, 813.044], [423.613, 812.572], [423.666, 812.097], [423.72, 811.62], [423.774, 811.143], [423.827, 810.668], [423.877, 810.196], [423.924, 809.729], [423.967, 809.269], [424.005, 808.816], [424.036, 808.374], [424.06, 807.942], [424.075, 807.524], [424.08, 807.12]]",actual,9.6356,0.006636,0.08472,0.00115005,50.0,02,,,
L0084,10124,10125,66,11.89,False,"[[595.92, 849.72], [595.44, 861.6]]",actual,2.6158,0.001802,0.022999,0.00031221,50.0,02,,,
263A,10126,10204,66,13.815,False,"[[288.6, 903.6], [282.0, 900.6], [275.76, 902.64]]",actual,3.0393,0.002093,0.026723,0.00036275,50.0,02,,,
261E,10127,10134,66,45.362,False,"[[381.12, 931.08], [401.28, 931.08], [410.52, 932.64], [419.16, 933.72], [425.16, 929.88]]",actual,9.9796,0.006873,0.087746,0.00119111,50.0,02,,,
261K,10133,10181,66,17.532,False,"[[221.16, 950.64], [234.48, 939.24]]",actual,3.857,0.002656,0.033913,0.00046035,50.0,02,,,
261R,10134,10184,66,39.41,False,"[[447.24, 958.081], [446.4, 953.881], [431.64, 944.88], [426.72, 939.24], [417.96, 933.72]]",actual,8.6702,0.005971,0.076232,0.00103483,50.0,02,,,
243G,10135,10136,66,36.6,False,"[[227.88, 833.76], [264.48, 833.76]]",actual,8.052,0.005545,0.070797,0.00096104,50.0,02,,,
264A,10135,10232,33,79.349,False,"[[227.04, 833.04], [222.0, 835.68], [210.12, 836.04], [207.0, 838.44], [207.6, 843.36], [203.76, 846.72], [206.28, 849.96], [205.68, 857.88], [202.44, 861.24], [204.36, 864.48], [204.36, 866.4], [205.08, 867.72], [203.76, 871.08], [195.24, 870.36], [190.68, 871.68], [185.52, 876.36]]",actual,17.4568,0.090891,0.625174,0.00057031,20.0,02,,,
L0085,10138,10139,66,10.795,False,"[[229.08, 815.04], [238.92, 819.48]]",actual,2.3749,0.001636,0.020881,0.00028345,50.0,02,,,
L0086,10138,10196,66,23.141,False,"[[239.4, 825.84], [262.2, 821.88]]",actual,5.091,0.003506,0.044763,0.00060764,50.0,02,,,
2813,10140,10141,66,13.52,False,"[[601.2, 651.0], [597.24, 654.96], [589.32, 654.96]]",actual,2.9744,0.002048,0.026152,0.00035501,50.0,02,,,
2814,10141,10142,66,55.461,False,"[[589.44, 653.16], [579.84, 652.8], [566.52, 657.48], [558.72, 656.76], [553.08, 648.24], [545.76, 648.24], [545.743, 648.563], [545.727, 648.885], [545.713, 649.205], [545.7, 649.524], [545.689, 649.841], [545.678, 650.158], [545.668, 650.474], [545.658, 650.79], [545.649, 651.105], [545.64, 651.42], [545.631, 651.735], [545.622, 652.05], [545.612, 652.366], [545.602, 652.682], [545.591, 652.999], [545.58, 653.317], [545.567, 653.635], [545.553, 653.955], [545.537, 654.277], [545.52, 654.6]]",actual,12.2014,0.008403,0.107281,0.00145629,50.0,02,,,
2303,10147,10148,66,50.711,False,"[[210.6, 685.08], [223.56, 681.0], [227.88, 700.08], [227.935, 700.945], [227.991, 701.811], [228.049, 702.68], [228.108, 703.549], [228.169, 704.421], [228.23, 705.293], [228.292, 706.167], [228.354, 707.042], [228.417, 707.918], [228.48, 708.795], [228.543, 709.673], [228.606, 710.552], [228.668, 711.431], [228.73, 712.311], [228.791, 713.192], [228.852, 714.073], [228.911, 714.954], [228.969, 715.836], [229.025, 716.718], [229.08, 717.6]]",actual,11.1564,0.007683,0.098092,0.00133157,50.0,02,,,
231F,10149,10150,66,56.491,False,"[[180.84, 646.56], [188.4, 646.56], [193.56, 652.56], [206.04, 662.52], [206.871, 663.392], [207.706, 664.278], [208.546, 665.178], [209.39, 666.088], [210.238, 667.009], [211.089, 667.937], [211.943, 668.872], [212.798, 669.812], [213.656, 670.755], [214.515, 671.7], [215.375, 672.645], [216.235, 673.588], [217.096, 674.528], [217.955, 675.463], [218.814, 676.391], [219.672, 677.312], [220.528, 678.222], [221.381, 679.122], [222.232, 680.008], [223.08, 680.88]]",actual,12.428,0.008559,0.109273,0.00148334,50.0,02,,,
221A,10153,10154,66,12.48,False,"[[80.64, 728.88], [93.12, 728.88]]",actual,2.7456,0.001891,0.024141,0.0003277,50.0,02,,,
281K,10155,10156,66,13.514,False,"[[643.8, 377.76], [630.48, 380.04]]",actual,2.9731,0.002048,0.026141,0.00035485,50.0,02,,,
L0087,10158,10159,66,11.212,False,"[[478.92, 259.68], [477.84, 248.52]]",actual,2.4666,0.001699,0.021688,0.0002944,50.0,02,,,
L0088,10160,10161,66,11.819,False,"[[414.6, 359.16], [426.12, 356.52]]",actual,2.6002,0.001791,0.022862,0.00031034,50.0,02,,,
L0089,10166,10167,66,12.158,False,"[[350.52, 1094.641], [342.48, 1085.521]]",actual,2.6748,0.001842,0.023518,0.00031924,50.0,02,,,
L0090,10168,10169,66,12.12,False,"[[417.36, 410.4], [429.48, 410.4]]",actual,2.6664,0.001836,0.023444,0.00031825,50.0,02,,,
L0091,10170,10187,66,11.367,False,"[[608.16, 260.04], [597.0, 262.2]]",actual,2.5007,0.001722,0.021988,0.00029847,50.0,02,,,
L0092,10171,10172,66,11.031,False,"[[227.16, 700.2], [216.48, 702.96]]",actual,2.4268,0.001671,0.021338,0.00028965,50.0,02,,,
L0093,10173,10174,66,10.88,False,"[[562.32, 657.24], [561.0, 668.04]]",actual,2.3936,0.001648,0.021046,0.00028569,50.0,02,,,
243M,10175,10176,66,13.783,False,"[[500.76, 839.52], [499.08, 853.2]]",actual,3.0323,0.002088,0.026661,0.00036191,50.0,02,,,
L0094,10182,10183,66,13.682,False,"[[366.36, 588.84], [366.6, 602.52]]",actual,3.01,0.002073,0.026466,0.00035926,50.0,02,,,
L0095,10185,10186,66,30.051,False,"[[423.96, 970.321], [422.88, 954.121], [430.56, 949.68], [431.04, 944.76]]",actual,6.6112,0.004553,0.058129,0.00078908,50.0,02,,,
223I,10188,10189,66,11.64,False,"[[294.48, 482.64], [294.48, 494.28]]",actual,2.5608,0.001764,0.022516,0.00030564,50.0,02,,,
223N,10197,10198,66,10.099,False,"[[388.32, 467.4], [397.8, 470.88]]",actual,2.2218,0.00153,0.019535,0.00026518,50.0,02,,,
L0096,10201,10202,66,13.737,False,"[[160.56, 737.04], [171.24, 728.4]]",actual,3.0221,0.002081,0.026572,0.00036071,50.0,02,,,
281Q,10205,10206,66,29.849,False,"[[605.4, 358.08], [610.2, 359.04], [619.56, 357.48], [634.92, 355.68]]",actual,6.5668,0.004523,0.057738,0.00078377,50.0,02,,,
243J,10208,10209,66,15.836,False,"[[178.2, 786.6], [178.92, 789.6], [183.24, 789.6], [183.96, 798.0]]",actual,3.4839,0.002399,0.030632,0.00041582,50.0,02,,,
2812,10211,10212,33,20.571,False,"[[603.0, 809.4], [603.0, 809.041], [603.0, 808.683], [603.0, 808.328], [603.0, 807.973], [603.0, 807.621], [603.0, 807.269], [603.0, 806.919], [603.0, 806.57], [603.0, 806.222], [603.0, 805.875], [603.0, 805.529], [603.0, 805.184], [603.0, 804.839], [603.0, 804.495], [603.0, 804.152], [603.0, 803.809], [603.0, 803.466], [603.0, 803.124], [603.0, 802.782], [603.0, 802.44], [609.36, 802.32], [615.96, 799.32]]",actual,4.5256,0.023563,0.162075,0.00014785,20.0,02,,,
L0097,10211,10219,33,21.42,False,"[[599.52, 808.8], [599.503, 808.476], [599.487, 808.152], [599.474, 807.828], [599.461, 807.504], [599.451, 807.18], [599.441, 806.856], [599.433, 806.532], [599.426, 806.208], [599.42, 805.884], [599.415, 805.56], [599.411, 805.236], [599.408, 804.912], [599.405, 804.588], [599.403, 804.264], [599.402, 803.94], [599.401, 803.616], [599.4, 803.292], [599.4, 802.968], [599.4, 802.644], [599.4, 802.32], [594.48, 800.28], [584.88, 799.8]]",actual,4.7124,0.024536,0.168764,0.00015395,20.0,02,,,
L0098,10213,10216,33,49.067,False,"[[308.28, 375.12], [308.88, 385.2], [304.32, 387.84], [300.96, 401.88], [303.0, 405.84], [301.32, 413.16], [301.416, 413.486], [301.523, 413.815], [301.641, 414.147], [301.766, 414.482], [301.899, 414.819], [302.038, 415.159], [302.182, 415.501], [302.328, 415.844], [302.476, 416.189], [302.625, 416.535], [302.773, 416.882], [302.918, 417.229], [303.06, 417.577], [303.197, 417.925], [303.328, 418.273], [303.451, 418.62], [303.565, 418.967], [303.669, 419.313], [303.761, 419.657], [303.84, 420.0]]",actual,10.7947,0.056204,0.386588,0.00035266,20.0,02,,,
223S,10213,10239,33,59.855,False,"[[243.12, 428.88], [249.12, 428.04], [258.0, 429.24], [268.8, 422.16], [279.84, 421.32], [286.08, 418.2], [295.2, 424.92], [297.72, 424.56]]",actual,13.1681,0.068561,0.471585,0.0004302,20.0,02,,,
L0099,10214,10215,33,30.555,False,"[[287.4, 437.88], [286.08, 428.16], [302.28, 441.12]]",actual,6.7221,0.034999,0.240736,0.00021961,20.0,02,,,
234G,10222,10223,33,57.002,False,"[[375.72, 725.16], [405.6, 733.92], [407.52, 741.24], [425.76, 742.68]]",actual,12.5404,0.065293,0.449107,0.0004097,20.0,02,,,
251A,10224,10225,33,82.78,False,"[[102.48, 828.48], [117.12, 828.6], [119.4, 826.56], [129.72, 826.44], [137.52, 835.2], [152.04, 835.44], [152.28, 827.28], [152.352, 827.1], [152.424, 826.92], [152.496, 826.74], [152.568, 826.56], [152.64, 826.38], [152.712, 826.2], [152.784, 826.02], [152.856, 825.84], [152.928, 825.66], [153.0, 825.48], [153.072, 825.3], [153.144, 825.12], [153.216, 824.94], [153.288, 824.76], [153.36, 824.58], [153.432, 824.4], [153.504, 824.22], [153.576, 824.04], [153.648, 823.86], [153.72, 823.68], [158.64, 822.72], [164.04, 825.24], [163.896, 825.474], [163.752, 825.708], [163.608, 825.942], [163.464, 826.176], [163.32, 826.41], [163.176, 826.644], [163.032, 826.878], [162.888, 827.112], [162.744, 827.346], [162.6, 827.58], [162.456, 827.814], [162.312, 828.048], [162.168, 828.282], [162.024, 828.516], [161.88, 828.75], [161.736, 828.984], [161.592, 829.218], [161.448, 829.452], [161.304, 829.686], [161.16, 829.92]]",actual,18.2116,0.094821,0.652206,0.00059497,20.0,02,,,
211C,10227,10228,33,84.843,False,"[[434.88, 305.4], [438.96, 307.44], [445.08, 317.88], [455.04, 319.32], [462.84, 316.8], [470.64, 320.04], [483.12, 320.04], [487.68, 313.68], [491.52, 315.6], [491.611, 315.745], [491.703, 315.892], [491.797, 316.04], [491.892, 316.189], [491.989, 316.341], [492.086, 316.493], [492.184, 316.647], [492.282, 316.802], [492.381, 316.958], [492.48, 317.115], [492.579, 317.273], [492.678, 317.432], [492.776, 317.591], [492.874, 317.751], [492.971, 317.912], [493.068, 318.073], [493.163, 318.234], [493.257, 318.396], [493.349, 318.558], [493.44, 318.72], [491.52, 320.04], [491.591, 320.58], [491.661, 321.12], [491.729, 321.66], [491.796, 322.2], [491.861, 322.74], [491.926, 323.28], [491.99, 323.82], [492.054, 324.36], [492.117, 324.9], [492.18, 325.44], [492.243, 325.98], [492.306, 326.52], [492.37, 327.06], [492.434, 327.6], [492.499, 328.14], [492.564, 328.68], [492.631, 329.22], [492.699, 329.76], [492.769, 330.3], [492.84, 330.84]]",actual,18.6655,0.097184,0.66846,0.0006098,20.0,02,,,
261S,10229,10230,33,23.711,False,"[[416.4, 1003.921], [414.48, 1004.641], [414.48, 1001.281], [412.44, 999.361], [407.28, 998.041], [405.24, 994.801], [403.32, 998.641], [401.4, 999.361]]",actual,5.2164,0.02716,0.186814,0.00017042,20.0,02,,,
243D,10233,10234,33,32.551,False,"[[534.84, 807.84], [530.76, 801.24], [532.2, 794.52], [530.16, 787.2], [519.84, 787.2]]",actual,7.1612,0.037286,0.256462,0.00023396,20.0,02,,,
2406,10235,10236,33,11.885,False,"[[342.48, 804.12], [340.08, 815.76]]",actual,2.6147,0.013614,0.093639,8.542e-05,20.0,02,,,
243K,10241,10242,66,12.624,False,"[[390.321, 817.464], [390.3, 804.84]]",actual,2.7773,0.001913,0.024419,0.00033148,50.0,02,,,
G0100,10244,10043,66,14.71,False,,provisional,3.2362,0.002229,0.028454,0.00038625,50.0,02,,,
G0101,10245,10101,66,23.57,False,,provisional,5.1854,0.003571,0.045592,0.0006189,50.0,02,,,
G0102,10246,10021,66,9.72,False,,provisional,2.1384,0.001473,0.018802,0.00025523,50.0,02,,,
G0103,10247,10181,66,8.69,False,,provisional,1.9118,0.001317,0.016809,0.00022818,50.0,02,,,
B0104,10184,10230,66,55.249,False,,provisional,12.1548,0.008371,0.106871,0.00145073,50.0,02,,,
B0105,10095,10244,66,58.942,False,,provisional,12.9672,0.008931,0.114014,0.0015477,50.0,02,,,
B0106,10063,10207,66,48.366,False,,provisional,10.6405,0.007328,0.093556,0.00126999,50.0,02,,,
B0107,10069,10143,66,43.899,False,,provisional,9.6578,0.006651,0.084916,0.0011527,50.0,02,,,
B0108,10109,10195,66,58.081,False,,provisional,12.7778,0.0088,0.112349,0.00152509,50.0,02,,,
B0109,10180,10145,66,52.463,False,,provisional,11.5419,0.007949,0.101481,0.00137757,50.0,02,,,
B0110,10054,10196,66,43.708,False,,provisional,9.6158,0.006622,0.084546,0.00114768,50.0,02,,,
B0111,10010,10013,66,44.162,False,,provisional,9.7156,0.006691,0.085424,0.0011596,50.0,02,,,
B0112,10012,10016,66,56.668,False,,provisional,12.467,0.008586,0.109615,0.00148799,50.0,02,,,
B0113,10088,10089,66,38.151,False,,provisional,8.3932,0.00578,0.073797,0.00100177,50.0,02,,,
B0114,10118,10115,66,11.885,False,,bridge,2.6147,0.001801,0.02299,0.00031208,50.0,02,,,
B0115,10147,10150,66,13.168,False,,bridge,2.897,0.001995,0.025471,0.00034576,50.0,02,,,
B0116,10080,10159,66,49.025,False,,provisional,10.7855,0.007428,0.094831,0.0012873,50.0,02,,,
B0117,10158,10061,66,34.64,False,,provisional,7.6208,0.005248,0.067006,0.00090958,50.0,02,,,
B0118,10194,10190,66,48.77,False,,provisional,10.7294,0.007389,0.094338,0.0012806,50.0,02,,,
B0119,10047,10100,66,24.691,False,,provisional,5.432,0.003741,0.047761,0.00064834,50.0,02,,,
B0120,10085,10167,66,34.044,False,,provisional,7.4897,0.005158,0.065853,0.00089393,50.0,02,,,
B0121,10072,10169,66,53.424,False,,provisional,11.7533,0.008095,0.10334,0.00140281,50.0,02,,,
B0122,10168,10160,66,51.314,False,,provisional,11.2891,0.007775,0.099259,0.0013474,50.0,02,,,
B0123,10161,10071,66,29.555,False,,provisional,6.5021,0.004478,0.05717,0.00077605,50.0,02,,,
B0124,10192,10187,66,26.657,False,,provisional,5.8645,0.004039,0.051564,0.00069996,50.0,02,,,
B0125,10142,10173,66,17.006,False,,bridge,3.7413,0.002577,0.032895,0.00044654,50.0,02,,,
B0126,10234,10175,66,55.69,False,,provisional,12.2518,0.008438,0.107724,0.00146231,50.0,02,,,
B0127,10066,10183,66,24.273,False,,provisional,5.3401,0.003678,0.046952,0.00063736,50.0,02,,,
B0128,10221,10188,66,41.291,False,,provisional,9.084,0.006256,0.079871,0.00108422,50.0,02,,,
B0129,10041,10197,66,26.887,False,,provisional,5.9151,0.004074,0.052009,0.000706,50.0,02,,,
B0130,10139,10209,66,48.23,False,,provisional,10.6106,0.007308,0.093293,0.00126642,50.0,02,,,
B0131,10208,10200,66,46.24,False,,provisional,10.1728,0.007006,0.089444,0.00121417,50.0,02,,,
B0132,10199,10193,66,43.317,False,,provisional,9.5297,0.006563,0.08379,0.00113742,50.0,02,,,
B0133,10020,10007,66,33.946,False,,provisional,7.4681,0.005143,0.065663,0.00089135,50.0,02,,,
B0134,10008,10201,66,15.652,False,,bridge,3.4434,0.002372,0.030276,0.00041099,50.0,02,,,
B0135,10202,10024,66,53.077,False,,provisional,11.6769,0.008042,0.102669,0.00139369,50.0,02,,,
B0136,10023,10154,66,57.572,False,,provisional,12.6658,0.008723,0.111364,0.00151172,50.0,02,,,
B0137,10238,10214,66,35.387,False,,provisional,7.7851,0.005362,0.068451,0.00092919,50.0,02,,,
B0138,10232,10225,66,52.441,False,,provisional,11.537,0.007946,0.101439,0.00137699,50.0,02,,,
B0139,10242,10235,66,47.825,False,,provisional,10.5215,0.007246,0.09251,0.00125579,50.0,02,,,
B0140,10015,10000,66,23.229,False,,provisional,5.1104,0.00352,0.044933,0.00060995,50.0,02,,,
B0141,10000,10037,66,56.926,False,,provisional,12.5237,0.008625,0.110114,0.00149476,50.0,02,,,
B0142,10182,10029,66,46.455,False,,provisional,10.2201,0.007039,0.08986,0.00121981,50.0,02,,,
B0143,10114,10113,66,20.971,False,,bridge,4.6136,0.003177,0.040565,0.00055066,50.0,02,,,
B0144,10236,10119,66,39.583,False,,provisional,8.7083,0.005997,0.076567,0.00103937,50.0,02,,,
B0145,10119,10121,66,36.8,False,,provisional,8.096,0.005576,0.071184,0.00096629,50.0,02,,,
B0146,10247,10128,66,39.36,False,,provisional,8.6592,0.005964,0.076136,0.00103351,50.0,02,,,
B0147,10129,10130,66,25.641,False,,provisional,5.641,0.003885,0.049598,0.00067328,50.0,02,,,
B0148,10130,10131,66,33.679,False,,provisional,7.4094,0.005103,0.065147,0.00088434,50.0,02,,,
B0149,10203,10132,66,57.381,False,,provisional,12.6238,0.008694,0.110995,0.00150671,50.0,02,,,
B0150,10132,10137,66,28.067,False,,provisional,6.1747,0.004253,0.054291,0.00073698,50.0,02,,,
B0151,10246,10144,66,52.549,False,,provisional,11.5608,0.007962,0.101648,0.00137983,50.0,02,,,
B0152,10144,10146,66,17.64,False,,bridge,3.8808,0.002673,0.034122,0.00046319,50.0,02,,,
B0153,10245,10157,66,13.724,False,,bridge,3.0193,0.002079,0.026547,0.00036036,50.0,02,,,
B0154,10106,10164,66,12.361,False,,bridge,2.7194,0.001873,0.02391,0.00032457,50.0,02,,,
B0155,10164,10165,66,18.346,False,,bridge,4.0361,0.00278,0.035487,0.00048173,50.0,02,,,
B0156,10113,10177,66,35.164,False,,provisional,7.7361,0.005328,0.068019,0.00092334,50.0,02,,,
B0157,10177,10178,66,53.204,False,,provisional,11.7049,0.008061,0.102915,0.00139703,50.0,02,,,
B0158,10178,10179,66,22.199,False,,provisional,4.8838,0.003363,0.04294,0.0005829,50.0,02,,,
B0159,10029,10210,66,28.175,False,,provisional,6.1985,0.004269,0.0545,0.00073982,50.0,02,,,
B0160,10224,10231,66,15.593,False,,bridge,3.4305,0.002363,0.030162,0.00040944,50.0,02,,,
B0161,10220,10237,66,26.829,False,,provisional,5.9024,0.004065,0.051897,0.00070448,50.0,02,,,
B0162,10215,10240,66,41.721,False,,provisional,9.1786,0.006321,0.080703,0.00109551,50.0,02,,,
I0163,10176,10219,66,101.06,False,,inset_provisional,22.2332,0.015312,0.195485,0.00265363,50.0,02,,,
I0164,10226,10103,66,85.624,False,,inset_provisional,18.8373,0.012973,0.165626,0.00224831,50.0,02,,,
I0165,10165,10125,66,75.552,False,,inset_provisional,16.6214,0.011447,0.146144,0.00198384,50.0,02,,,
I0166,10102,10155,66,61.489,False,,inset_provisional,13.5276,0.009317,0.118941,0.00161458,50.0,02,,,
I0167,10149,10172,66,66.717,False,,inset_provisional,14.6777,0.010109,0.129054,0.00175185,50.0,02,,,
I0168,10116,10185,66,72.858,False,,inset_provisional,16.0288,0.011039,0.140932,0.0019131,50.0,02,,,
I0169,10156,10206,66,24.761,False,,inset_provisional,5.4474,0.003752,0.047896,0.00065017,50.0,02,,,
I0170,10104,10014,66,52.716,False,,inset_provisional,11.5975,0.007987,0.101971,0.00138422,50.0,02,,,
I0171,10228,10122,66,83.714,False,,inset_provisional,18.4171,0.012684,0.161932,0.00219816,50.0,02,,,
I0172,10124,10243,66,76.435,False,,inset_provisional,16.8157,0.011581,0.147852,0.00200703,50.0,02,,,
XFRM9000,10248,10104,66,0.0,,,transformer,0.0,0.005,0.1,0.0,80.0,02,True,,
XFRM9001,10249,10041,66,0.0,,,transformer,0.0,0.005,0.1,0.0,80.0,02,True,,
XFRM9002,10250,10135,66,0.0,,,transformer,0.0,0.005,0.1,0.0,80.0,02,True,,
XFRM9003,10251,10079,66,0.0,,,transformer,0.0,0.005,0.1,0.0,80.0,02,True,,
XFRM9004,10252,10002,66,0.0,,,transformer,0.0,0.005,0.1,0.0,80.0,02,True,,
XFRM9005,10253,10040,66,0.0,,,transformer,0.0,0.005,0.1,0.0,80.0,02,True,,
XFRM9006,10254,10084,66,0.0,,,transformer,0.0,0.005,0.1,0.0,80.0,02,True,,
L0001,20000,20109,66,11.526,False,"[[259.56, 511.92], [270.72, 514.8]]",actual,2.1899,0.001508,0.019255,0.00026138,50.0,03,,,
341A,20000,20165,66,17.313,False,"[[281.28, 522.48], [268.8, 534.48]]",actual,3.2895,0.002265,0.028923,0.00039261,50.0,03,,,
321J,20001,20002,66,11.115,False,"[[331.56, 286.32], [334.56, 288.36], [342.0, 289.2]]",actual,2.1119,0.001454,0.018568,0.00025206,50.0,03,,,
L0002,20001,20012,66,58.467,False,"[[271.44, 268.08], [279.48, 274.68], [313.8, 288.36], [323.52, 282.96]]",actual,11.1087,0.007651,0.097673,0.00132588,50.0,03,,,
L0003,20001,20169,66,12.362,False,"[[309.84, 302.4], [297.48, 302.16]]",actual,2.3488,0.001618,0.020652,0.00028034,50.0,03,,,
L0004,20001,20195,66,27.055,False,"[[316.92, 287.04], [314.4, 281.52], [323.88, 275.16], [325.68, 270.96], [323.16, 266.64]]",actual,5.1405,0.00354,0.045197,0.00061354,50.0,03,,,
331B,20001,20005,66,238.535,False,"[[329.52, 284.4], [316.56, 293.4], [337.68, 318.36], [343.32, 334.44], [343.56, 358.92], [335.04, 387.12], [335.026, 387.592], [335.021, 388.173], [335.022, 388.85], [335.03, 389.612], [335.044, 390.446], [335.062, 391.341], [335.083, 392.283], [335.107, 393.262], [335.133, 394.265], [335.16, 395.28], [335.187, 396.295], [335.213, 397.298], [335.237, 398.277], [335.258, 399.219], [335.276, 400.114], [335.29, 400.948], [335.298, 401.71], [335.299, 402.387], [335.294, 402.968], [335.28, 403.44], [340.44, 416.88], [337.8, 434.76], [321.36, 454.8], [324.6, 465.84], [324.576, 466.744], [324.54, 467.657], [324.495, 468.577], [324.441, 469.503], [324.379, 470.436], [324.311, 471.373], [324.237, 472.314], [324.16, 473.259], [324.081, 474.206], [324.0, 475.155], [323.919, 476.105], [323.84, 477.055], [323.763, 478.004], [323.689, 478.952], [323.621, 479.897], [323.559, 480.839], [323.505, 481.777], [323.46, 482.711], [323.424, 483.639], [323.4, 484.56], [337.2, 487.44]]",actual,45.3216,0.031213,0.398489,0.00540934,50.0,03,,,
L0005,20003,20004,66,98.956,False,"[[297.72, 610.68], [319.2, 605.04], [368.28, 598.8], [379.8, 623.52]]",actual,18.8016,0.012949,0.165313,0.00224406,50.0,03,,,
L0006,20003,20004,66,104.87,False,"[[276.84, 609.36], [287.4, 614.76], [301.68, 616.8], [306.72, 614.52], [341.28, 629.16], [376.44, 624.12]]",actual,19.9253,0.013723,0.175193,0.00237817,50.0,03,,,
L0007,20003,20104,66,10.697,False,"[[301.8, 623.52], [294.48, 631.32]]",actual,2.0324,0.0014,0.01787,0.00024258,50.0,03,,,
343A,20003,20110,66,19.446,False,"[[276.84, 578.16], [281.16, 597.12]]",actual,3.6947,0.002545,0.032486,0.00044098,50.0,03,,,
L0008,20003,20156,66,30.443,False,"[[297.12, 610.2], [297.135, 610.599], [297.146, 611.002], [297.152, 611.41], [297.155, 611.821], [297.154, 612.236], [297.15, 612.654], [297.145, 613.073], [297.137, 613.495], [297.129, 613.917], [297.12, 614.34], [297.111, 614.763], [297.103, 615.185], [297.095, 615.607], [297.09, 616.026], [297.086, 616.444], [297.085, 616.859], [297.088, 617.27], [297.094, 617.678], [297.105, 618.081], [297.12, 618.48], [276.12, 625.56]]",actual,5.7842,0.003984,0.050857,0.00069037,50.0,03,,,
L0009,20004,20006,66,88.574,False,"[[375.0, 535.92], [384.24, 579.24], [381.0, 601.8], [381.062, 602.848], [381.107, 603.905], [381.135, 604.968], [381.15, 606.038], [381.152, 607.114], [381.144, 608.194], [381.127, 609.277], [381.104, 610.363], [381.076, 611.451], [381.045, 612.54], [381.013, 613.629], [380.983, 614.717], [380.955, 615.803], [380.932, 616.886], [380.916, 617.966], [380.908, 619.042], [380.91, 620.112], [380.925, 621.175], [380.955, 622.232], [381.0, 623.28]]",actual,16.8291,0.01159,0.147969,0.00200862,50.0,03,,,
355E,20004,20057,66,124.648,False,"[[380.64, 624.0], [360.6, 638.52], [354.72, 673.68], [333.72, 683.04], [324.24, 693.36], [321.0, 709.32], [331.92, 710.28]]",actual,23.6831,0.016311,0.208233,0.00282668,50.0,03,,,
344A,20004,20136,66,18.88,False,"[[384.96, 617.88], [403.56, 614.64]]",actual,3.5872,0.002471,0.03154,0.00042815,50.0,03,,,
333B,20005,20006,66,72.449,False,"[[342.84, 483.24], [348.72, 479.4], [353.76, 482.88], [353.723, 483.474], [353.685, 484.068], [353.644, 484.662], [353.603, 485.256], [353.559, 485.85], [353.515, 486.444], [353.469, 487.038], [353.422, 487.632], [353.374, 488.226], [353.325, 488.82], [353.275, 489.414], [353.224, 490.008], [353.173, 490.602], [353.121, 491.196], [353.068, 491.79], [353.015, 492.384], [352.962, 492.978], [352.908, 493.572], [352.854, 494.166], [352.8, 494.76], [363.96, 506.64], [372.6, 521.04], [372.742, 521.65], [372.881, 522.289], [373.017, 522.953], [373.151, 523.641], [373.283, 524.348], [373.412, 525.071], [373.54, 525.807], [373.668, 526.552], [373.794, 527.305], [373.92, 528.06], [374.046, 528.815], [374.172, 529.568], [374.3, 530.313], [374.428, 531.049], [374.557, 531.773], [374.689, 532.479], [374.823, 533.167], [374.959, 533.832], [375.098, 534.47], [375.24, 535.08]]",actual,13.7653,0.00948,0.121031,0.00164295,50.0,03,,,
333E,20005,20009,66,54.139,False,"[[339.48, 482.04], [333.96, 477.48], [335.52, 463.92], [331.08, 452.76], [312.36, 442.56]]",actual,10.2864,0.007084,0.090443,0.00122773,50.0,03,,,
L0010,20007,20008,66,44.793,False,"[[275.88, 731.76], [275.734, 732.16], [275.585, 732.569], [275.434, 732.984], [275.28, 733.406], [275.124, 733.834], [274.967, 734.266], [274.81, 734.701], [274.651, 735.139], [274.493, 735.579], [274.335, 736.02], [274.178, 736.461], [274.022, 736.901], [273.869, 737.339], [273.717, 737.774], [273.568, 738.206], [273.422, 738.634], [273.28, 739.056], [273.142, 739.471], [273.009, 739.88], [272.88, 740.28], [259.44, 738.36], [252.12, 739.8], [237.48, 738.24]]",actual,8.5107,0.005861,0.07483,0.00101579,50.0,03,,,
L0011,20007,20120,66,47.349,False,"[[313.08, 736.8], [289.92, 732.6], [266.16, 731.04]]",actual,8.9963,0.006196,0.0791,0.00107375,50.0,03,,,
L0012,20007,20202,33,61.626,False,"[[266.4, 731.64], [266.347, 732.486], [266.295, 733.332], [266.245, 734.178], [266.196, 735.024], [266.149, 735.87], [266.102, 736.716], [266.056, 737.562], [266.01, 738.408], [265.965, 739.254], [265.92, 740.1], [265.875, 740.946], [265.83, 741.792], [265.784, 742.638], [265.738, 743.484], [265.691, 744.33], [265.644, 745.176], [265.595, 746.022], [265.545, 746.868], [265.493, 747.714], [265.44, 748.56], [266.16, 754.68], [284.28, 767.76], [289.32, 776.28], [289.339, 776.603], [289.359, 776.925], [289.382, 777.244], [289.405, 777.563], [289.431, 777.879], [289.457, 778.195], [289.485, 778.509], [289.514, 778.822], [289.544, 779.134], [289.575, 779.445], [289.607, 779.755], [289.64, 780.064], [289.673, 780.373], [289.707, 780.681], [289.742, 780.988], [289.777, 781.295], [289.812, 781.602], [289.848, 781.908], [289.884, 782.214], [289.92, 782.52]]",actual,11.7089,0.060964,0.419328,0.00038253,20.0,03,,,
332A,20009,20010,66,121.486,False,"[[310.44, 442.32], [344.16, 439.2], [405.84, 442.32], [420.84, 447.6], [430.8, 447.48]]",actual,23.0823,0.015897,0.202951,0.00275498,50.0,03,,,
L0013,20009,20031,66,53.104,False,"[[312.84, 441.84], [318.24, 431.4], [318.84, 417.6], [311.04, 400.68], [319.68, 398.52]]",actual,10.0898,0.006949,0.088714,0.00120426,50.0,03,,,
331F,20009,20062,66,91.167,False,"[[308.4, 441.84], [298.8, 441.84], [288.36, 440.4], [287.321, 440.119], [286.121, 439.815], [284.774, 439.49], [283.293, 439.146], [281.692, 438.784], [279.986, 438.404], [278.186, 438.009], [276.308, 437.599], [274.365, 437.175], [272.37, 436.74], [270.337, 436.294], [268.281, 435.838], [266.213, 435.374], [264.15, 434.903], [262.102, 434.426], [260.086, 433.945], [258.114, 433.46], [256.2, 432.974], [254.357, 432.487], [252.6, 432.0], [245.64, 428.52], [245.238, 428.363], [244.823, 428.216], [244.396, 428.077], [243.957, 427.946], [243.506, 427.821], [243.044, 427.7], [242.57, 427.584], [242.084, 427.47], [241.588, 427.357], [241.08, 427.245], [240.562, 427.132], [240.033, 427.017], [239.493, 426.898], [238.944, 426.775], [238.384, 426.647], [237.814, 426.512], [237.235, 426.369], [236.646, 426.216], [236.047, 426.054], [235.44, 425.88], [227.88, 425.64], [221.16, 420.6]]",actual,17.3217,0.01193,0.152301,0.00206742,50.0,03,,,
L0014,20011,20012,66,88.965,False,"[[314.52, 320.76], [303.96, 319.56], [305.04, 312.24], [308.52, 305.28], [312.0, 294.24], [275.4, 279.84], [268.8, 269.52]]",actual,16.9033,0.011641,0.148622,0.00201749,50.0,03,,,
331D,20011,20031,66,91.742,False,"[[317.64, 396.0], [309.84, 397.2], [302.88, 374.04], [300.96, 362.4], [298.56, 354.96], [301.68, 340.68], [303.6, 324.24], [312.48, 324.0]]",actual,17.431,0.012005,0.153261,0.00208046,50.0,03,,,
L0015,20012,20032,66,38.992,False,"[[271.44, 267.48], [287.4, 261.96], [293.28, 257.76], [290.88, 254.04], [281.16, 250.2]]",actual,7.4085,0.005102,0.065139,0.00088423,50.0,03,,,
L0016,20012,20058,66,12.494,False,"[[256.32, 267.48], [268.8, 268.08]]",actual,2.3739,0.001635,0.020872,0.00028333,50.0,03,,,
L0017,20012,20159,66,10.44,False,"[[268.08, 269.52], [260.88, 277.08]]",actual,1.9836,0.001366,0.017441,0.00023675,50.0,03,,,
L0018,20012,20214,33,18.573,False,"[[268.8, 268.08], [280.32, 268.44], [285.48, 273.24]]",actual,3.5289,0.018373,0.126378,0.00011529,20.0,03,,,
L0019,20013,20014,66,132.74,False,"[[460.32, 633.36], [460.629, 633.105], [460.942, 632.843], [461.26, 632.575], [461.581, 632.302], [461.906, 632.025], [462.234, 631.744], [462.563, 631.461], [462.895, 631.175], [463.227, 630.888], [463.56, 630.6], [463.893, 630.312], [464.225, 630.025], [464.557, 629.739], [464.886, 629.456], [465.214, 629.175], [465.539, 628.898], [465.86, 628.625], [466.178, 628.357], [466.491, 628.096], [466.8, 627.84], [466.905, 627.196], [467.003, 626.557], [467.095, 625.925], [467.182, 625.298], [467.265, 624.675], [467.344, 624.056], [467.421, 623.439], [467.495, 622.825], [467.568, 622.212], [467.64, 621.6], [467.712, 620.988], [467.785, 620.375], [467.859, 619.761], [467.936, 619.144], [468.015, 618.525], [468.098, 617.902], [468.185, 617.275], [468.277, 616.643], [468.375, 616.005], [468.48, 615.36], [476.28, 608.16], [508.68, 608.16], [540.0, 605.4], [566.4, 599.88], [576.6, 599.52]]",actual,25.2206,0.01737,0.221751,0.00301019,50.0,03,,,
354C,20013,20113,66,46.517,False,"[[466.92, 627.84], [467.022, 628.178], [467.147, 628.574], [467.293, 629.025], [467.457, 629.525], [467.636, 630.068], [467.829, 630.648], [468.034, 631.261], [468.247, 631.901], [468.466, 632.562], [468.69, 633.24], [468.915, 633.929], [469.14, 634.622], [469.363, 635.316], [469.579, 636.005], [469.789, 636.683], [469.988, 637.344], [470.175, 637.984], [470.348, 638.597], [470.504, 639.177], [470.64, 639.72], [471.96, 648.36], [478.2, 653.4], [484.44, 661.56], [490.8, 664.56]]",actual,8.8382,0.006087,0.07771,0.00105488,50.0,03,,,
3606,20014,20096,66,46.329,False,"[[624.12, 590.88], [611.52, 591.12], [599.88, 593.16], [591.6, 601.08], [581.16, 601.56]]",actual,8.8025,0.006062,0.077396,0.00105062,50.0,03,,,
3604,20014,20098,66,63.708,False,"[[605.04, 548.64], [603.96, 555.6], [595.68, 565.44], [588.48, 569.4], [583.68, 579.0], [577.32, 594.72], [579.6, 602.28]]",actual,12.1045,0.008336,0.106429,0.00144473,50.0,03,,,
3602,20014,20114,66,83.389,False,"[[579.96, 602.28], [568.68, 613.56], [568.608, 614.189], [568.536, 614.817], [568.464, 615.443], [568.392, 616.068], [568.32, 616.691], [568.248, 617.314], [568.176, 617.936], [568.104, 618.558], [568.032, 619.179], [567.96, 619.8], [567.888, 620.421], [567.816, 621.042], [567.744, 621.664], [567.672, 622.286], [567.6, 622.909], [567.528, 623.533], [567.456, 624.157], [567.384, 624.783], [567.312, 625.411], [567.24, 626.04], [560.64, 636.72], [558.84, 651.6], [551.64, 667.44], [544.8, 660.24]]",actual,15.8439,0.010912,0.139307,0.00189104,50.0,03,,,
381C,20015,20016,66,77.398,False,"[[548.16, 727.44], [545.04, 733.08], [505.8, 748.92], [483.6, 753.12], [483.519, 753.421], [483.422, 753.712], [483.311, 753.994], [483.187, 754.269], [483.052, 754.538], [482.909, 754.8], [482.758, 755.059], [482.602, 755.315], [482.442, 755.568], [482.28, 755.82], [482.118, 756.072], [481.958, 756.325], [481.802, 756.581], [481.651, 756.84], [481.507, 757.103], [481.373, 757.371], [481.249, 757.646], [481.138, 757.928], [481.041, 758.219], [480.96, 758.52]]",actual,14.7056,0.010128,0.129299,0.00175518,50.0,03,,,
L0020,20015,20040,66,12.924,False,"[[548.88, 724.8], [536.4, 728.16]]",actual,2.4556,0.001691,0.02159,0.00029308,50.0,03,,,
381D,20015,20059,66,16.261,False,"[[549.48, 726.84], [556.08, 731.4], [554.28, 739.44]]",actual,3.0896,0.002128,0.027165,0.00036876,50.0,03,,,
381A,20016,20066,66,71.271,False,"[[480.96, 759.24], [477.48, 767.04], [462.24, 781.08], [455.16, 788.16], [455.156, 788.55], [455.143, 788.928], [455.123, 789.297], [455.097, 789.656], [455.064, 790.007], [455.027, 790.351], [454.986, 790.69], [454.941, 791.025], [454.894, 791.356], [454.845, 791.685], [454.795, 792.013], [454.745, 792.342], [454.696, 792.672], [454.648, 793.004], [454.603, 793.341], [454.561, 793.682], [454.523, 794.029], [454.489, 794.384], [454.461, 794.747], [454.44, 795.12], [457.92, 803.16], [467.88, 807.36], [470.16, 812.28]]",actual,13.5415,0.009326,0.119063,0.00161624,50.0,03,,,
L0021,20017,20018,66,91.584,False,"[[532.44, 693.48], [542.88, 699.36], [540.48, 706.2], [539.88, 721.68], [534.6, 732.48], [535.44, 742.2], [536.76, 751.44], [532.8, 767.28], [542.16, 768.36]]",actual,17.401,0.011984,0.152997,0.00207688,50.0,03,,,
361A,20017,20114,66,48.648,False,"[[543.12, 661.8], [550.68, 672.48], [550.699, 672.931], [550.719, 673.383], [550.742, 673.837], [550.765, 674.293], [550.791, 674.749], [550.817, 675.206], [550.845, 675.664], [550.874, 676.122], [550.904, 676.581], [550.935, 677.04], [550.967, 677.499], [551.0, 677.958], [551.033, 678.416], [551.067, 678.874], [551.102, 679.331], [551.137, 679.788], [551.172, 680.243], [551.208, 680.697], [551.244, 681.149], [551.28, 681.6], [549.96, 689.16], [547.44, 692.16], [532.68, 690.72]]",actual,9.2431,0.006366,0.08127,0.00110321,50.0,03,,,
L0022,20018,20035,66,92.344,False,"[[545.52, 767.64], [545.28, 773.4], [538.08, 773.4], [526.8, 783.24], [521.4, 798.84], [520.32, 812.76], [505.44, 826.56], [499.92, 839.04]]",actual,17.5454,0.012084,0.154267,0.00209412,50.0,03,,,
L0023,20019,20227,66,46.008,False,"[[588.57, 888.718], [576.84, 873.24], [575.692, 872.736], [574.518, 872.232], [573.321, 871.728], [572.104, 871.224], [570.87, 870.72], [569.621, 870.216], [568.361, 869.712], [567.092, 869.208], [565.817, 868.704], [564.54, 868.2], [563.262, 867.696], [561.988, 867.192], [560.719, 866.688], [559.459, 866.184], [558.21, 865.68], [556.976, 865.176], [555.759, 864.672], [554.562, 864.168], [553.388, 863.664], [552.24, 863.16]]",actual,8.7415,0.00602,0.07686,0.00104334,50.0,03,,,
L0024,20020,20021,66,49.687,False,"[[539.52, 892.68], [551.76, 881.52], [552.24, 848.4]]",actual,9.4405,0.006502,0.083006,0.00112677,50.0,03,,,
3810,20020,20173,66,80.983,False,"[[587.16, 939.72], [583.68, 933.72], [584.28, 919.56], [579.96, 907.8], [575.52, 902.76], [563.88, 897.12], [552.12, 897.36], [543.96, 898.2], [537.72, 893.64]]",actual,15.3868,0.010597,0.135288,0.00183648,50.0,03,,,
383H,20020,20211,33,50.943,False,"[[543.6, 937.32], [535.32, 926.04], [538.56, 921.0], [530.4, 908.52], [530.799, 907.707], [531.204, 906.889], [531.613, 906.069], [532.025, 905.249], [532.438, 904.433], [532.85, 903.621], [533.261, 902.818], [533.668, 902.025], [534.07, 901.245], [534.465, 900.48], [534.852, 899.733], [535.23, 899.007], [535.596, 898.304], [535.95, 897.627], [536.289, 896.977], [536.613, 896.359], [536.92, 895.773], [537.207, 895.223], [537.475, 894.711], [537.72, 894.24]]",actual,9.6792,0.050396,0.346637,0.00031622,20.0,03,,,
383G,20021,20035,66,54.229,False,"[[549.48, 847.68], [532.8, 846.72], [511.44, 837.72], [497.28, 840.0]]",actual,10.3035,0.007096,0.090593,0.00122977,50.0,03,,,
L0025,20022,20023,66,158.409,False,"[[356.04, 801.0], [301.44, 816.0], [273.84, 817.32], [256.8, 815.4], [240.36, 820.8], [229.2, 812.76], [229.164, 812.219], [229.128, 811.677], [229.092, 811.132], [229.056, 810.587], [229.02, 810.039], [228.984, 809.491], [228.948, 808.941], [228.912, 808.39], [228.876, 807.838], [228.84, 807.285], [228.804, 806.731], [228.768, 806.176], [228.732, 805.621], [228.696, 805.065], [228.66, 804.508], [228.624, 803.951], [228.588, 803.394], [228.552, 802.836], [228.516, 802.278], [228.48, 801.72], [243.36, 801.36]]",actual,30.0977,0.020728,0.264633,0.00359229,50.0,03,,,
371N,20022,20057,66,123.101,False,"[[330.36, 713.64], [319.92, 714.12], [310.92, 745.2], [309.12, 761.76], [329.16, 775.2], [343.8, 781.8], [358.68, 799.92]]",actual,23.3892,0.016108,0.205649,0.0027916,50.0,03,,,
L0026,20022,20065,66,58.97,False,"[[358.68, 797.52], [359.4, 836.4], [356.04, 856.2]]",actual,11.2043,0.007716,0.098513,0.00133728,50.0,03,,,
L0027,20023,20034,66,39.475,False,"[[242.04, 797.28], [230.88, 797.16], [231.0, 781.08], [230.988, 781.006], [230.988, 780.929], [230.997, 780.849], [231.016, 780.767], [231.043, 780.682], [231.077, 780.596], [231.116, 780.508], [231.159, 780.42], [231.206, 780.33], [231.255, 780.24], [231.305, 780.15], [231.354, 780.06], [231.402, 779.972], [231.448, 779.884], [231.489, 779.798], [231.526, 779.713], [231.557, 779.631], [231.58, 779.551], [231.595, 779.474], [231.6, 779.4], [223.08, 773.4]]",actual,7.5003,0.005165,0.065946,0.00089519,50.0,03,,,
313E,20024,20025,66,160.301,False,"[[425.76, 243.96], [420.24, 239.64], [420.005, 239.011], [419.769, 238.383], [419.531, 237.757], [419.292, 237.132], [419.051, 236.509], [418.81, 235.886], [418.568, 235.264], [418.326, 234.642], [418.083, 234.021], [417.84, 233.4], [417.597, 232.779], [417.354, 232.158], [417.112, 231.536], [416.87, 230.914], [416.629, 230.291], [416.388, 229.668], [416.149, 229.043], [415.911, 228.417], [415.675, 227.789], [415.44, 227.16], [464.28, 211.08], [473.64, 210.72], [488.52, 212.28], [498.12, 229.08], [512.28, 237.0], [525.36, 238.2], [532.68, 236.4], [532.782, 236.026], [532.907, 235.657], [533.052, 235.295], [533.215, 234.938], [533.392, 234.585], [533.583, 234.236], [533.783, 233.889], [533.991, 233.545], [534.204, 233.202], [534.42, 232.86], [534.636, 232.518], [534.849, 232.175], [535.057, 231.831], [535.257, 231.484], [535.447, 231.135], [535.625, 230.782], [535.788, 230.425], [535.933, 230.063], [536.058, 229.695], [536.16, 229.32]]",actual,30.4572,0.020976,0.267794,0.0036352,50.0,03,,,
313M,20024,20028,66,71.988,False,"[[427.44, 243.48], [422.76, 248.28], [432.6, 264.48], [431.16, 275.28], [419.4, 292.44], [415.8, 299.52], [416.138, 299.677], [416.467, 299.824], [416.79, 299.962], [417.106, 300.092], [417.416, 300.216], [417.722, 300.333], [418.025, 300.446], [418.325, 300.555], [418.623, 300.661], [418.92, 300.765], [419.217, 300.868], [419.515, 300.972], [419.815, 301.076], [420.118, 301.182], [420.424, 301.292], [420.734, 301.405], [421.05, 301.524], [421.373, 301.649], [421.702, 301.78], [422.04, 301.92]]",actual,13.6777,0.00942,0.120261,0.0016325,50.0,03,,,
L0028,20025,20039,66,45.043,False,"[[537.72, 230.4], [546.24, 260.04], [546.263, 260.62], [546.296, 261.24], [546.338, 261.896], [546.387, 262.584], [546.442, 263.299], [546.504, 264.036], [546.569, 264.791], [546.637, 265.56], [546.708, 266.338], [546.78, 267.12], [546.852, 267.902], [546.923, 268.68], [546.991, 269.449], [547.056, 270.204], [547.118, 270.941], [547.173, 271.656], [547.222, 272.344], [547.264, 273.0], [547.297, 273.62], [547.32, 274.2]]",actual,8.5582,0.005894,0.075247,0.00102146,50.0,03,,,
L0029,20026,20027,66,27.009,False,"[[138.6, 535.92], [135.96, 509.04]]",actual,5.1317,0.003534,0.04512,0.00061249,50.0,03,,,
L0030,20026,20126,66,16.211,False,"[[148.92, 521.88], [148.32, 538.08]]",actual,3.0801,0.002121,0.027082,0.00036762,50.0,03,,,
L0031,20028,20074,66,115.82,False,"[[421.68, 304.08], [414.84, 304.44], [415.92, 312.84], [434.64, 319.92], [452.76, 362.28], [473.4, 378.24], [473.468, 377.719], [473.53, 377.234], [473.586, 376.78], [473.637, 376.354], [473.683, 375.951], [473.725, 375.567], [473.764, 375.199], [473.799, 374.842], [473.833, 374.492], [473.865, 374.145], [473.896, 373.797], [473.927, 373.445], [473.958, 373.083], [473.991, 372.709], [474.024, 372.317], [474.06, 371.904], [474.099, 371.466], [474.142, 370.999], [474.189, 370.498], [474.24, 369.96]]",actual,22.0058,0.015156,0.193485,0.00262649,50.0,03,,,
351B,20029,20030,66,22.595,False,"[[358.2, 564.36], [380.64, 561.72]]",actual,4.2931,0.002957,0.037747,0.00051239,50.0,03,,,
L0032,20029,20193,66,24.874,False,"[[340.08, 582.84], [357.12, 564.72]]",actual,4.7261,0.003255,0.041554,0.00056408,50.0,03,,,
L0033,20031,20166,66,30.127,False,"[[318.6, 395.4], [318.583, 394.802], [318.567, 394.195], [318.553, 393.582], [318.54, 392.962], [318.529, 392.336], [318.518, 391.706], [318.508, 391.073], [318.498, 390.437], [318.489, 389.799], [318.48, 389.16], [318.471, 388.521], [318.462, 387.883], [318.452, 387.247], [318.442, 386.614], [318.431, 385.984], [318.42, 385.358], [318.407, 384.738], [318.393, 384.125], [318.377, 383.518], [318.36, 382.92], [319.197, 382.918], [320.049, 382.913], [320.916, 382.905], [321.796, 382.894], [322.686, 382.881], [323.584, 382.865], [324.489, 382.847], [325.399, 382.828], [326.311, 382.807], [327.225, 382.785], [328.138, 382.762], [329.048, 382.739], [329.953, 382.715], [330.852, 382.691], [331.742, 382.667], [332.622, 382.644], [333.489, 382.621], [334.343, 382.599], [335.18, 382.579], [336.0, 382.56]]",actual,5.7241,0.003942,0.050329,0.0006832,50.0,03,,,
L0034,20032,20033,66,118.584,False,"[[281.64, 248.16], [293.52, 252.36], [293.629, 252.575], [293.739, 252.789], [293.851, 253.0], [293.964, 253.211], [294.079, 253.419], [294.194, 253.627], [294.31, 253.833], [294.426, 254.038], [294.543, 254.242], [294.66, 254.445], [294.777, 254.647], [294.894, 254.848], [295.01, 255.049], [295.126, 255.249], [295.241, 255.448], [295.356, 255.647], [295.469, 255.846], [295.581, 256.044], [295.691, 256.242], [295.8, 256.44], [327.36, 242.4], [360.24, 242.52], [365.4, 258.48], [365.917, 258.071], [366.493, 257.638], [367.121, 257.183], [367.794, 256.71], [368.507, 256.221], [369.252, 255.718], [370.024, 255.206], [370.816, 254.686], [371.622, 254.162], [372.435, 253.635], [373.249, 253.109], [374.057, 252.588], [374.854, 252.072], [375.632, 251.566], [376.386, 251.072], [377.108, 250.593], [377.793, 250.131], [378.435, 249.69], [379.026, 249.272], [379.56, 248.88]]",actual,22.531,0.015517,0.198103,0.00268917,50.0,03,,,
L0035,20032,20069,66,85.504,False,"[[248.4, 193.68], [257.4, 200.04], [264.12, 216.0], [275.64, 220.8], [284.16, 231.72], [291.96, 240.48], [292.8, 249.72], [283.44, 246.72]]",actual,16.2458,0.011189,0.14284,0.001939,50.0,03,,,
321H,20033,20075,66,76.893,False,"[[376.56, 247.32], [366.6, 251.52], [366.473, 251.008], [366.345, 250.513], [366.215, 250.034], [366.084, 249.569], [365.951, 249.116], [365.818, 248.673], [365.684, 248.238], [365.55, 247.809], [365.415, 247.383], [365.28, 246.96], [365.145, 246.537], [365.01, 246.111], [364.876, 245.682], [364.742, 245.247], [364.609, 244.804], [364.476, 244.351], [364.345, 243.886], [364.215, 243.407], [364.087, 242.912], [363.96, 242.4], [388.92, 241.68], [406.92, 230.76], [416.76, 226.92]]",actual,14.6097,0.010062,0.128455,0.00174373,50.0,03,,,
383A,20035,20066,66,40.085,False,"[[469.56, 814.44], [476.16, 822.96], [491.52, 831.96], [497.28, 841.92]]",actual,7.6162,0.005245,0.066965,0.00090902,50.0,03,,,
L0036,20036,20037,66,15.612,False,"[[417.0, 605.16], [417.004, 605.772], [417.017, 606.485], [417.036, 607.283], [417.062, 608.153], [417.094, 609.083], [417.13, 610.057], [417.169, 611.062], [417.211, 612.085], [417.255, 613.113], [417.3, 614.13], [417.345, 615.124], [417.389, 616.081], [417.431, 616.987], [417.47, 617.829], [417.506, 618.593], [417.538, 619.264], [417.564, 619.831], [417.583, 620.278], [417.596, 620.592], [417.6, 620.76]]",actual,2.9663,0.002043,0.026081,0.00035404,50.0,03,,,
311A,20038,20039,66,94.849,False,"[[544.8, 195.24], [550.8, 207.12], [563.4, 210.36], [560.04, 228.48], [558.36, 242.64], [557.76, 264.0], [546.72, 273.36]]",actual,18.0213,0.012411,0.158452,0.00215092,50.0,03,,,
312A,20039,20056,66,113.543,False,"[[549.12, 274.56], [564.84, 267.84], [576.36, 271.2], [595.2, 270.96], [639.36, 240.36], [651.24, 240.36]]",actual,21.5732,0.014858,0.189681,0.00257485,50.0,03,,,
313G,20041,20042,66,44.473,False,"[[451.56, 170.4], [449.76, 178.44], [451.08, 185.16], [455.88, 190.2], [459.72, 203.64], [460.008, 204.27], [460.261, 204.834], [460.484, 205.337], [460.679, 205.788], [460.851, 206.192], [461.002, 206.557], [461.137, 206.89], [461.258, 207.198], [461.37, 207.487], [461.475, 207.765], [461.578, 208.038], [461.681, 208.314], [461.789, 208.599], [461.905, 208.901], [462.032, 209.226], [462.174, 209.58], [462.334, 209.972], [462.516, 210.408], [462.724, 210.895], [462.96, 211.44]]",actual,8.4499,0.005819,0.074295,0.00100853,50.0,03,,,
L0037,20043,20044,66,26.413,False,"[[646.68, 362.52], [671.64, 371.16]]",actual,5.0185,0.003456,0.044125,0.00059898,50.0,03,,,
L0038,20045,20046,66,46.071,False,"[[476.88, 392.4], [504.36, 378.96], [519.84, 378.96]]",actual,8.7535,0.006029,0.076965,0.00104477,50.0,03,,,
362F,20047,20048,66,54.572,False,"[[567.36, 479.4], [567.396, 479.599], [567.432, 479.799], [567.468, 480.001], [567.504, 480.205], [567.54, 480.409], [567.576, 480.614], [567.612, 480.82], [567.648, 481.026], [567.684, 481.233], [567.72, 481.44], [567.756, 481.647], [567.792, 481.854], [567.828, 482.06], [567.864, 482.266], [567.9, 482.471], [567.936, 482.676], [567.972, 482.879], [568.008, 483.081], [568.044, 483.281], [568.08, 483.48], [597.0, 505.68], [604.08, 507.48], [604.153, 507.156], [604.227, 506.832], [604.303, 506.508], [604.38, 506.184], [604.459, 505.86], [604.538, 505.536], [604.618, 505.212], [604.698, 504.888], [604.779, 504.564], [604.86, 504.24], [604.941, 503.916], [605.022, 503.592], [605.102, 503.268], [605.182, 502.944], [605.261, 502.62], [605.34, 502.296], [605.417, 501.972], [605.493, 501.648], [605.567, 501.324], [605.64, 501.0]]",actual,10.3687,0.007141,0.091166,0.00123755,50.0,03,,,
362J,20047,20049,66,45.129,False,"[[573.96, 471.48], [581.52, 471.36], [581.852, 471.096], [582.167, 470.809], [582.467, 470.498], [582.755, 470.162], [583.031, 469.802], [583.3, 469.417], [583.563, 469.007], [583.822, 468.572], [584.08, 468.112], [584.34, 467.625], [584.603, 467.112], [584.872, 466.573], [585.15, 466.008], [585.438, 465.415], [585.739, 464.796], [586.055, 464.148], [586.389, 463.474], [586.743, 462.771], [587.119, 462.04], [587.52, 461.28], [586.8, 453.0], [594.84, 445.92], [594.858, 445.579], [594.876, 445.239], [594.894, 444.901], [594.911, 444.565], [594.928, 444.229], [594.945, 443.894], [594.961, 443.56], [594.976, 443.226], [594.991, 442.893], [595.005, 442.56], [595.018, 442.227], [595.03, 441.894], [595.041, 441.56], [595.051, 441.226], [595.059, 440.891], [595.067, 440.556], [595.072, 440.219], [595.077, 439.881], [595.079, 439.541], [595.08, 439.2]]",actual,8.5745,0.005905,0.075391,0.00102341,50.0,03,,,
L0039,20047,20074,66,160.055,False,"[[476.16, 371.16], [476.196, 372.907], [476.232, 374.655], [476.268, 376.405], [476.304, 378.156], [476.34, 379.909], [476.376, 381.662], [476.412, 383.416], [476.448, 385.17], [476.484, 386.925], [476.52, 388.68], [476.556, 390.435], [476.592, 392.19], [476.628, 393.944], [476.664, 395.698], [476.7, 397.451], [476.736, 399.204], [476.772, 400.955], [476.808, 402.705], [476.844, 404.453], [476.88, 406.2], [494.64, 441.0], [505.08, 449.04], [521.52, 453.6], [531.12, 459.6], [540.72, 468.48], [547.32, 473.04], [560.88, 480.6], [568.08, 477.72]]",actual,30.4105,0.020944,0.267383,0.00362962,50.0,03,,,
3605,20048,20098,66,46.222,False,"[[608.88, 501.24], [608.872, 501.605], [608.85, 501.98], [608.815, 502.364], [608.769, 502.755], [608.713, 503.153], [608.65, 503.556], [608.581, 503.963], [608.508, 504.373], [608.432, 504.786], [608.355, 505.2], [608.279, 505.614], [608.206, 506.027], [608.137, 506.437], [608.074, 506.844], [608.019, 507.248], [607.974, 507.645], [607.939, 508.036], [607.918, 508.42], [607.911, 508.795], [607.92, 509.16], [610.44, 522.12], [610.08, 531.72], [605.04, 540.48], [605.64, 545.76]]",actual,8.7822,0.006048,0.077217,0.00104819,50.0,03,,,
362H,20050,20051,66,19.648,False,"[[566.04, 504.12], [566.04, 498.84], [578.64, 492.72], [578.28, 492.72]]",actual,3.7331,0.002571,0.032823,0.00044556,50.0,03,,,
362G,20052,20053,66,43.832,False,"[[644.04, 491.28], [644.021, 491.586], [644.001, 491.892], [643.979, 492.198], [643.956, 492.503], [643.931, 492.808], [643.906, 493.113], [643.88, 493.417], [643.854, 493.72], [643.827, 494.023], [643.8, 494.325], [643.773, 494.626], [643.746, 494.926], [643.72, 495.225], [643.694, 495.523], [643.669, 495.819], [643.644, 496.115], [643.621, 496.408], [643.599, 496.701], [643.579, 496.991], [643.56, 497.28], [622.32, 509.04], [609.0, 511.44]]",actual,8.3281,0.005736,0.073224,0.00099399,50.0,03,,,
L0040,20054,20055,66,18.025,False,"[[622.2, 893.64], [607.68, 904.32]]",actual,3.4247,0.002359,0.030112,0.00040876,50.0,03,,,
312C,20056,20085,66,52.63,False,"[[658.2, 239.52], [662.52, 230.64], [655.8, 195.36], [657.6, 188.76]]",actual,9.9997,0.006887,0.087922,0.00119351,50.0,03,,,
L0041,20056,20232,66,25.563,False,"[[653.28, 238.92], [658.56, 239.88], [663.24, 257.64], [662.926, 259.443]]",actual,4.857,0.003345,0.042705,0.0005797,50.0,03,,,
L0042,20060,20160,66,25.444,False,"[[230.52, 784.8], [217.32, 791.4], [206.64, 791.76]]",actual,4.8344,0.003329,0.042506,0.000577,50.0,03,,,
L0043,20060,20181,66,12.369,False,"[[247.08, 779.76], [236.4, 773.52]]",actual,2.3501,0.001619,0.020663,0.0002805,50.0,03,,,
372B,20060,20182,66,21.894,False,"[[230.16, 784.68], [219.36, 781.92], [208.68, 780.72]]",actual,4.1599,0.002865,0.036575,0.0004965,50.0,03,,,
L0044,20061,20086,66,21.72,False,"[[277.08, 354.84], [298.8, 354.84]]",actual,4.1268,0.002842,0.036285,0.00049255,50.0,03,,,
L0045,20062,20089,66,29.889,False,"[[212.4, 396.48], [213.36, 409.92], [210.0, 420.12], [211.32, 425.64]]",actual,5.6789,0.003911,0.049932,0.0006778,50.0,03,,,
332C,20062,20107,66,51.105,False,"[[219.84, 422.76], [201.12, 428.04], [188.64, 427.56], [177.72, 431.16], [170.4, 428.88]]",actual,9.7099,0.006687,0.085374,0.00115893,50.0,03,,,
L0046,20062,20170,66,16.559,False,"[[219.24, 421.44], [234.72, 415.56]]",actual,3.1462,0.002167,0.027663,0.00037551,50.0,03,,,
371E,20063,20064,66,110.814,False,"[[258.96, 827.04], [246.96, 845.52], [227.76, 864.6], [192.96, 874.68], [182.04, 878.4], [174.36, 890.04]]",actual,21.0547,0.0145,0.185122,0.00251297,50.0,03,,,
3704,20063,20161,66,11.77,False,"[[257.28, 827.4], [260.64, 816.12]]",actual,2.2363,0.00154,0.019663,0.00026691,50.0,03,,,
3708,20065,20095,66,19.329,False,"[[341.52, 870.96], [354.0, 856.2]]",actual,3.6725,0.002529,0.03229,0.00043833,50.0,03,,,
371S,20065,20204,33,38.651,False,"[[366.48, 892.2], [357.36, 854.64]]",actual,7.3437,0.038236,0.262997,0.00023992,20.0,03,,,
3809,20067,20068,66,27.975,False,"[[607.68, 932.52], [616.56, 918.84], [616.998, 918.789], [617.482, 918.742], [618.006, 918.7], [618.565, 918.661], [619.155, 918.626], [619.77, 918.594], [620.405, 918.563], [621.055, 918.535], [621.715, 918.507], [622.38, 918.48], [623.045, 918.453], [623.705, 918.425], [624.355, 918.397], [624.99, 918.366], [625.605, 918.334], [626.195, 918.299], [626.754, 918.26], [627.278, 918.218], [627.762, 918.171], [628.2, 918.12]]",actual,5.3153,0.003661,0.046734,0.0006344,50.0,03,,,
L0047,20068,20227,66,49.691,False,"[[626.16, 916.08], [616.44, 916.32], [607.68, 904.2], [594.12, 896.04], [588.57, 888.718]]",actual,9.4413,0.006502,0.083012,0.00112686,50.0,03,,,
321G,20069,20203,33,16.125,False,"[[248.88, 180.12], [247.68, 196.2]]",actual,3.0638,0.015952,0.109721,0.00010009,20.0,03,,,
313H,20070,20071,66,10.699,False,"[[440.28, 219.24], [444.48, 229.08]]",actual,2.0328,0.0014,0.017873,0.00024262,50.0,03,,,
L0048,20072,20073,66,31.331,False,"[[330.24, 504.12], [341.76, 499.2], [360.24, 502.68]]",actual,5.9529,0.0041,0.052341,0.0007105,50.0,03,,,
344B,20073,20108,66,60.276,False,"[[306.48, 522.0], [327.24, 518.4], [365.16, 508.44]]",actual,11.4524,0.007887,0.100695,0.0013669,50.0,03,,,
313Q,20074,20164,66,17.481,False,"[[475.44, 369.96], [492.84, 371.64]]",actual,3.3214,0.002287,0.029203,0.00039642,50.0,03,,,
313R,20074,20226,33,44.655,False,"[[462.48, 372.72], [458.16, 373.56], [448.08, 376.8], [445.92, 384.36], [448.68, 396.24], [449.04, 405.84]]",actual,8.4845,0.044175,0.303851,0.00027719,20.0,03,,,
L0049,20076,20077,66,63.029,False,"[[296.52, 544.44], [279.36, 532.56], [281.64, 525.84], [282.24, 506.16], [282.097, 505.527], [281.955, 504.855], [281.815, 504.149], [281.676, 503.413], [281.539, 502.65], [281.402, 501.866], [281.266, 501.065], [281.13, 500.25], [280.995, 499.427], [280.86, 498.6], [280.725, 497.773], [280.59, 496.95], [280.454, 496.135], [280.318, 495.334], [280.181, 494.55], [280.044, 493.788], [279.905, 493.051], [279.765, 492.345], [279.623, 491.673], [279.48, 491.04]]",actual,11.9755,0.008248,0.105294,0.00142933,50.0,03,,,
L0050,20076,20108,66,24.514,False,"[[297.72, 545.64], [305.4, 522.36]]",actual,4.6577,0.003208,0.040952,0.00055591,50.0,03,,,
L0051,20076,20192,66,27.61,False,"[[310.44, 573.0], [300.0, 547.44]]",actual,5.2459,0.003613,0.046124,0.00062612,50.0,03,,,
L0052,20077,20176,66,12.518,False,"[[269.64, 493.56], [280.56, 499.68]]",actual,2.3784,0.001638,0.020912,0.00028387,50.0,03,,,
L0053,20078,20079,66,17.772,False,"[[375.84, 859.56], [373.68, 841.92]]",actual,3.3767,0.002326,0.029689,0.00040302,50.0,03,,,
3702,20079,20080,66,15.353,False,"[[373.68, 841.92], [359.4, 836.28]]",actual,2.9171,0.002009,0.025648,0.00034817,50.0,03,,,
3707,20079,20094,66,17.533,False,"[[390.36, 847.68], [373.8, 841.92]]",actual,3.3313,0.002294,0.02929,0.0003976,50.0,03,,,
313J,20081,20082,66,62.738,False,"[[361.32, 188.16], [352.68, 194.4], [352.681, 194.923], [352.683, 195.447], [352.687, 195.973], [352.692, 196.5], [352.699, 197.029], [352.706, 197.558], [352.714, 198.088], [352.722, 198.618], [352.731, 199.149], [352.74, 199.68], [352.749, 200.211], [352.758, 200.742], [352.766, 201.272], [352.774, 201.802], [352.781, 202.331], [352.788, 202.86], [352.793, 203.387], [352.797, 203.913], [352.799, 204.437], [352.8, 204.96], [359.88, 211.92], [360.0, 219.84], [353.64, 242.64]]",actual,11.9202,0.00821,0.104808,0.00142273,50.0,03,,,
313C,20083,20084,66,32.786,False,"[[525.48, 271.56], [524.52, 260.52], [544.68, 252.48]]",actual,6.2293,0.00429,0.054771,0.0007435,50.0,03,,,
L0054,20087,20088,66,15.84,False,"[[303.24, 417.84], [319.08, 417.84]]",actual,3.0096,0.002073,0.026462,0.00035921,50.0,03,,,
371K,20090,20091,66,20.292,False,"[[302.52, 703.68], [313.8, 704.76], [322.2, 701.64]]",actual,3.8555,0.002655,0.033899,0.00046017,50.0,03,,,
371F,20092,20093,66,38.837,False,"[[244.32, 848.4], [235.2, 844.92], [206.16, 846.36]]",actual,7.379,0.005082,0.06488,0.00088072,50.0,03,,,
L0055,20092,20093,33,30.871,False,"[[209.28, 848.64], [209.629, 848.633], [210.258, 848.613], [211.136, 848.582], [212.234, 848.54], [213.519, 848.49], [214.962, 848.433], [216.531, 848.37], [218.195, 848.302], [219.923, 848.232], [221.685, 848.16], [223.45, 848.088], [225.186, 848.018], [226.864, 847.95], [228.451, 847.887], [229.918, 847.83], [231.233, 847.78], [232.366, 847.738], [233.285, 847.707], [233.96, 847.687], [234.36, 847.68], [239.76, 849.72]]",actual,5.8655,0.030539,0.210059,0.00019163,20.0,03,,,
371H,20092,20212,33,25.505,False,"[[243.12, 851.76], [245.16, 852.48], [248.88, 846.96], [265.44, 849.0]]",actual,4.846,0.025231,0.173546,0.00015832,20.0,03,,,
371C,20093,20208,33,28.488,False,"[[180.96, 846.96], [188.4, 847.44], [189.24, 851.04], [197.88, 855.48], [202.08, 849.12]]",actual,5.4127,0.028182,0.193844,0.00017683,20.0,03,,,
L0056,20097,20098,66,73.424,False,"[[679.2, 533.04], [660.48, 537.84], [644.28, 537.6], [627.0, 543.96], [607.68, 546.48]]",actual,13.9506,0.009608,0.12266,0.00166506,50.0,03,,,
354A,20099,20100,66,93.898,False,"[[427.92, 605.88], [429.36, 598.8], [428.52, 585.48], [436.68, 553.92], [457.92, 547.8], [468.96, 532.8]]",actual,17.8406,0.012287,0.156863,0.00212936,50.0,03,,,
382B,20102,20103,66,28.583,False,"[[560.16, 820.2], [555.12, 820.2], [545.04, 814.92], [544.979, 814.858], [544.87, 814.679], [544.719, 814.394], [544.529, 814.013], [544.307, 813.548], [544.056, 813.008], [543.782, 812.406], [543.489, 811.752], [543.181, 811.056], [542.865, 810.33], [542.544, 809.584], [542.223, 808.829], [541.908, 808.076], [541.602, 807.335], [541.311, 806.618], [541.039, 805.934], [540.791, 805.296], [540.572, 804.714], [540.387, 804.198], [540.24, 803.76]]",actual,5.4308,0.00374,0.04775,0.00064819,50.0,03,,,
L0057,20103,20183,66,31.47,False,"[[550.2, 802.08], [546.84, 803.76], [538.08, 803.28], [533.52, 799.56], [532.98, 799.649], [532.405, 799.737], [531.801, 799.822], [531.17, 799.907], [530.516, 799.989], [529.844, 800.071], [529.156, 800.151], [528.457, 800.23], [527.75, 800.308], [527.04, 800.385], [526.33, 800.461], [525.623, 800.536], [524.924, 800.611], [524.236, 800.685], [523.564, 800.758], [522.91, 800.831], [522.279, 800.904], [521.675, 800.976], [521.1, 801.048], [520.56, 801.12]]",actual,5.9793,0.004118,0.052573,0.00071366,50.0,03,,,
L0058,20103,20229,33,26.356,False,"[[549.48, 802.32], [560.52, 807.0], [574.8, 808.56]]",actual,5.0076,0.026073,0.179337,0.0001636,20.0,03,,,
382D,20105,20106,66,11.33,False,"[[525.12, 822.84], [515.16, 817.44]]",actual,2.1527,0.001483,0.018928,0.00025693,50.0,03,,,
332E,20107,20197,33,74.832,False,"[[168.36, 427.8], [123.48, 425.28], [99.72, 407.16]]",actual,14.2181,0.074028,0.509187,0.0004645,20.0,03,,,
L0059,20107,20209,33,49.325,False,"[[167.76, 427.8], [165.6, 433.32], [153.72, 436.32], [147.84, 442.08], [139.68, 443.64], [137.88, 447.96], [147.48, 450.48]]",actual,9.3718,0.048795,0.335627,0.00030618,20.0,03,,,
L0060,20108,20210,33,10.304,False,"[[307.08, 511.44], [304.44, 521.4]]",actual,1.9578,0.010193,0.070113,6.396e-05,20.0,03,,,
L0061,20110,20192,66,32.196,False,"[[277.44, 575.52], [278.381, 575.497], [279.466, 575.464], [280.679, 575.423], [282.002, 575.376], [283.419, 575.323], [284.915, 575.266], [286.471, 575.207], [288.073, 575.146], [289.703, 575.085], [291.345, 575.025], [292.982, 574.968], [294.599, 574.915], [296.178, 574.868], [297.703, 574.827], [299.158, 574.794], [300.526, 574.771], [301.791, 574.759], [302.936, 574.759], [303.944, 574.772], [304.8, 574.8], [304.918, 574.799], [305.056, 574.799], [305.211, 574.802], [305.382, 574.809], [305.565, 574.822], [305.759, 574.845], [305.962, 574.879], [306.171, 574.927], [306.384, 574.99], [306.6, 575.07], [306.816, 575.17], [307.029, 575.292], [307.238, 575.439], [307.441, 575.611], [307.635, 575.812], [307.818, 576.044], [307.989, 576.309], [308.144, 576.608], [308.282, 576.944], [308.4, 577.32]]",actual,6.1172,0.004213,0.053786,0.00073012,50.0,03,,,
355C,20111,20112,66,15.815,False,"[[359.52, 642.96], [344.04, 646.2]]",actual,3.0048,0.002069,0.02642,0.00035864,50.0,03,,,
L0062,20112,20222,33,57.242,False,"[[347.4, 644.76], [341.16, 654.6], [339.662, 654.779], [337.92, 654.991], [335.963, 655.232], [333.817, 655.498], [331.509, 655.785], [329.067, 656.09], [326.518, 656.41], [323.888, 656.741], [321.204, 657.079], [318.495, 657.42], [315.786, 657.761], [313.106, 658.099], [310.48, 658.43], [307.937, 658.75], [305.503, 659.055], [303.205, 659.342], [301.071, 659.608], [299.127, 659.849], [297.401, 660.061], [295.92, 660.24]]",actual,10.876,0.056627,0.389498,0.00035532,20.0,03,,,
L0063,20115,20116,66,14.369,False,"[[567.36, 625.56], [560.64, 621.48], [554.16, 622.08]]",actual,2.7301,0.00188,0.024004,0.00032585,50.0,03,,,
L0064,20117,20118,66,55.877,False,"[[593.88, 682.08], [577.08, 695.04], [550.44, 699.96], [550.047, 699.974], [549.658, 699.979], [549.274, 699.978], [548.893, 699.97], [548.516, 699.956], [548.142, 699.938], [547.769, 699.917], [547.399, 699.893], [547.029, 699.867], [546.66, 699.84], [546.291, 699.813], [545.921, 699.787], [545.551, 699.763], [545.178, 699.742], [544.804, 699.724], [544.427, 699.71], [544.046, 699.702], [543.662, 699.701], [543.273, 699.706], [542.88, 699.72]]",actual,10.6166,0.007312,0.093346,0.00126714,50.0,03,,,
361B,20118,20119,66,30.874,False,"[[540.96, 708.48], [519.0, 706.92], [511.2, 702.72]]",actual,5.8661,0.00404,0.051577,0.00070014,50.0,03,,,
372A,20121,20122,66,34.795,False,"[[194.88, 805.08], [205.68, 810.24], [228.48, 809.16]]",actual,6.6111,0.004553,0.058127,0.00078906,50.0,03,,,
3705,20122,20163,66,47.932,False,"[[233.76, 816.48], [209.4, 828.6], [195.0, 829.08], [188.88, 827.52]]",actual,9.1071,0.006272,0.080074,0.00108697,50.0,03,,,
L0065,20124,20125,66,30.24,False,"[[269.64, 643.32], [270.393, 643.32], [271.142, 643.32], [271.886, 643.32], [272.627, 643.32], [273.364, 643.32], [274.098, 643.32], [274.831, 643.32], [275.561, 643.32], [276.291, 643.32], [277.02, 643.32], [277.749, 643.32], [278.479, 643.32], [279.209, 643.32], [279.942, 643.32], [280.676, 643.32], [281.413, 643.32], [282.154, 643.32], [282.898, 643.32], [283.647, 643.32], [284.4, 643.32], [299.88, 643.32]]",actual,5.7456,0.003957,0.050518,0.00068576,50.0,03,,,
341E,20127,20128,66,103.131,False,"[[173.76, 575.52], [163.56, 564.96], [163.56, 548.4], [161.4, 510.48], [151.8, 477.96]]",actual,19.5949,0.013495,0.172287,0.00233874,50.0,03,,,
L0066,20129,20130,66,40.341,False,"[[128.04, 547.2], [139.44, 535.92], [163.08, 541.56]]",actual,7.6648,0.005279,0.067392,0.00091483,50.0,03,,,
L0067,20130,20131,66,16.177,False,"[[175.8, 543.0], [162.96, 552.84]]",actual,3.0736,0.002117,0.027025,0.00036685,50.0,03,,,
341D,20130,20162,66,17.766,False,"[[163.08, 548.16], [149.16, 559.2]]",actual,3.3755,0.002325,0.029679,0.00040289,50.0,03,,,
343D,20132,20133,66,23.262,False,"[[183.6, 552.84], [165.72, 567.72]]",actual,4.4198,0.003044,0.038861,0.00052752,50.0,03,,,
341F,20134,20135,66,18.563,False,"[[119.52, 513.96], [136.68, 521.04]]",actual,3.527,0.002429,0.031011,0.00042096,50.0,03,,,
L0068,20137,20138,66,18.027,False,"[[150.6, 618.72], [149.751, 619.006], [148.898, 619.289], [148.041, 619.569], [147.18, 619.847], [146.316, 620.123], [145.449, 620.396], [144.582, 620.668], [143.713, 620.94], [142.844, 621.21], [141.975, 621.48], [141.107, 621.75], [140.241, 622.02], [139.376, 622.292], [138.515, 622.564], [137.657, 622.838], [136.803, 623.113], [135.954, 623.391], [135.11, 623.671], [134.271, 623.954], [133.44, 624.24]]",actual,3.4251,0.002359,0.030115,0.0004088,50.0,03,,,
L0069,20139,20140,66,107.417,False,"[[106.2, 639.12], [134.04, 645.72], [160.8, 645.96], [169.08, 640.44], [209.28, 652.92]]",actual,20.4092,0.014056,0.179448,0.00243593,50.0,03,,,
343H,20141,20142,66,33.731,False,"[[151.8, 657.48], [157.68, 666.12], [157.681, 667.289], [157.683, 668.457], [157.687, 669.623], [157.692, 670.788], [157.699, 671.951], [157.706, 673.114], [157.714, 674.276], [157.722, 675.438], [157.731, 676.599], [157.74, 677.76], [157.749, 678.921], [157.758, 680.082], [157.766, 681.244], [157.774, 682.406], [157.781, 683.569], [157.788, 684.732], [157.793, 685.897], [157.797, 687.063], [157.799, 688.231], [157.8, 689.4]]",actual,6.4089,0.004414,0.05635,0.00076493,50.0,03,,,
L0070,20142,20147,66,24.487,False,"[[157.8, 671.64], [133.32, 672.24]]",actual,4.6525,0.003204,0.040907,0.0005553,50.0,03,,,
343C,20143,20144,66,18.748,False,"[[128.76, 612.84], [146.64, 607.2]]",actual,3.5621,0.002453,0.03132,0.00042515,50.0,03,,,
343B,20143,20196,66,26.146,False,"[[118.56, 585.24], [126.72, 610.08]]",actual,4.9677,0.003421,0.043679,0.00059292,50.0,03,,,
L0071,20143,20148,66,44.188,False,"[[126.72, 609.72], [136.2, 629.88], [157.68, 634.2]]",actual,8.3957,0.005782,0.073819,0.00100207,50.0,03,,,
343G,20145,20146,66,10.331,False,"[[192.36, 626.64], [192.84, 636.96]]",actual,1.9629,0.001352,0.017259,0.00023428,50.0,03,,,
L0072,20147,20150,66,33.683,False,"[[139.32, 672.24], [139.285, 672.597], [139.251, 672.95], [139.219, 673.298], [139.188, 673.643], [139.159, 673.984], [139.13, 674.322], [139.102, 674.659], [139.074, 674.993], [139.047, 675.327], [139.02, 675.66], [138.993, 675.993], [138.966, 676.327], [138.938, 676.661], [138.91, 676.998], [138.881, 677.336], [138.852, 677.677], [138.821, 678.022], [138.789, 678.37], [138.755, 678.723], [138.72, 679.08], [125.52, 685.8], [125.489, 686.333], [125.468, 686.884], [125.456, 687.454], [125.451, 688.039], [125.452, 688.637], [125.46, 689.246], [125.471, 689.865], [125.485, 690.491], [125.502, 691.121], [125.52, 691.755], [125.538, 692.39], [125.555, 693.023], [125.569, 693.653], [125.58, 694.278], [125.587, 694.896], [125.589, 695.504], [125.584, 696.1], [125.572, 696.683], [125.551, 697.25], [125.52, 697.8]]",actual,6.3998,0.004408,0.05627,0.00076384,50.0,03,,,
353B,20148,20149,66,48.985,False,"[[156.0, 635.52], [159.87, 634.605], [163.27, 633.798], [166.252, 633.086], [168.869, 632.457], [171.172, 631.899], [173.215, 631.402], [175.049, 630.953], [176.726, 630.54], [178.299, 630.151], [179.82, 629.775], [181.341, 629.4], [182.914, 629.014], [184.591, 628.606], [186.425, 628.162], [188.468, 627.673], [190.771, 627.126], [193.388, 626.509], [196.37, 625.81], [199.77, 625.017], [203.64, 624.12]]",actual,9.3072,0.00641,0.081833,0.00111085,50.0,03,,,
L0073,20148,20153,66,71.997,False,"[[155.64, 636.24], [155.639, 637.313], [155.637, 638.373], [155.633, 639.421], [155.628, 640.459], [155.623, 641.488], [155.617, 642.509], [155.611, 643.524], [155.605, 644.534], [155.6, 645.541], [155.595, 646.545], [155.591, 647.548], [155.588, 648.552], [155.587, 649.558], [155.587, 650.566], [155.589, 651.579], [155.594, 652.598], [155.601, 653.625], [155.611, 654.659], [155.624, 655.704], [155.64, 656.76], [105.0, 666.0]]",actual,13.6794,0.009421,0.120276,0.0016327,50.0,03,,,
L0074,20151,20152,66,24.36,False,"[[114.24, 696.24], [138.6, 696.24]]",actual,4.6284,0.003188,0.040695,0.00055242,50.0,03,,,
371M,20154,20155,66,57.247,False,"[[326.4, 690.72], [304.8, 685.8], [284.76, 688.92], [276.36, 687.36], [270.12, 687.96]]",actual,10.8769,0.007491,0.095635,0.00129821,50.0,03,,,
371L,20155,20201,66,18.393,False,"[[273.36, 688.2], [273.289, 688.631], [273.188, 689.061], [273.059, 689.488], [272.906, 689.915], [272.732, 690.339], [272.54, 690.763], [272.334, 691.185], [272.118, 691.606], [271.893, 692.026], [271.665, 692.445], [271.436, 692.863], [271.209, 693.28], [270.987, 693.697], [270.775, 694.113], [270.576, 694.528], [270.392, 694.943], [270.227, 695.358], [270.084, 695.772], [269.968, 696.186], [269.88, 696.6], [260.64, 697.08]]",actual,3.4947,0.002407,0.030727,0.0004171,50.0,03,,,
L0075,20157,20158,66,11.083,False,"[[254.52, 432.6], [248.4, 441.84]]",actual,2.1058,0.00145,0.018515,0.00025133,50.0,03,,,
311B,20167,20168,66,72.395,False,"[[569.76, 139.2], [570.0, 148.68], [565.56, 160.2], [563.4, 210.72]]",actual,13.755,0.009473,0.120941,0.00164173,50.0,03,,,
362C,20171,20172,66,15.036,False,"[[492.48, 621.6], [486.24, 607.92]]",actual,2.8568,0.001968,0.025119,0.00034098,50.0,03,,,
L0076,20174,20175,66,11.76,False,"[[306.72, 239.76], [306.72, 251.52]]",actual,2.2344,0.001539,0.019646,0.00026669,50.0,03,,,
371A,20177,20178,66,13.477,False,"[[280.68, 817.32], [286.32, 805.08]]",actual,2.5606,0.001764,0.022514,0.00030562,50.0,03,,,
331C,20179,20180,66,12.614,False,"[[290.64, 370.44], [303.24, 369.84]]",actual,2.3967,0.001651,0.021073,0.00028605,50.0,03,,,
362I,20184,20185,66,19.643,False,"[[528.96, 457.68], [535.56, 455.28], [541.8, 454.56], [542.88, 448.68], [542.52, 448.68]]",actual,3.7322,0.00257,0.032815,0.00044545,50.0,03,,,
313D,20186,20187,66,12.563,False,"[[480.48, 221.88], [492.48, 218.16]]",actual,2.387,0.001644,0.020987,0.0002849,50.0,03,,,
3105,20188,20189,66,101.089,False,"[[658.44, 275.76], [656.52, 287.76], [658.2, 293.4], [657.84, 301.68], [652.56, 307.8], [649.2, 333.72], [650.88, 348.0], [649.2, 357.96], [646.68, 361.44], [646.693, 361.942], [646.696, 362.472], [646.691, 363.029], [646.678, 363.608], [646.659, 364.206], [646.636, 364.819], [646.608, 365.445], [646.578, 366.081], [646.547, 366.722], [646.515, 367.365], [646.484, 368.008], [646.455, 368.646], [646.43, 369.276], [646.409, 369.896], [646.393, 370.502], [646.384, 371.09], [646.383, 371.657], [646.392, 372.2], [646.41, 372.715], [646.44, 373.2]]",actual,19.2069,0.013228,0.168876,0.00229243,50.0,03,,,
312F,20188,20205,33,79.182,False,"[[659.52, 275.76], [664.56, 279.72], [652.92, 284.64], [652.903, 285.215], [652.887, 285.789], [652.873, 286.361], [652.86, 286.932], [652.849, 287.501], [652.838, 288.07], [652.828, 288.638], [652.818, 289.206], [652.809, 289.773], [652.8, 290.34], [652.791, 290.907], [652.782, 291.474], [652.772, 292.042], [652.762, 292.61], [652.751, 293.179], [652.74, 293.749], [652.727, 294.319], [652.713, 294.891], [652.697, 295.465], [652.68, 296.04], [663.6, 302.64], [663.36, 309.0], [675.72, 313.92], [685.92, 319.2], [687.48, 323.76]]",actual,15.0446,0.078331,0.538787,0.00049151,20.0,03,,,
L0077,20188,20232,66,14.979,False,"[[662.926, 259.443], [660.36, 274.2]]",actual,2.846,0.00196,0.025023,0.00033968,50.0,03,,,
3106,20190,20191,66,29.518,False,"[[657.96, 296.88], [670.08, 299.76], [665.52, 316.2]]",actual,5.6084,0.003863,0.049312,0.00066939,50.0,03,,,
L0078,20192,20193,66,23.141,False,"[[313.44, 578.64], [336.48, 580.8]]",actual,4.3968,0.003028,0.038659,0.00052478,50.0,03,,,
L0079,20193,20194,66,23.546,False,"[[332.52, 559.08], [338.4, 581.88]]",actual,4.4737,0.003081,0.039335,0.00053396,50.0,03,,,
L0080,20197,20198,66,16.629,False,"[[104.76, 411.36], [120.36, 405.6]]",actual,3.1595,0.002176,0.02778,0.0003771,50.0,03,,,
361F,20199,20200,66,10.192,False,"[[555.6, 699.6], [557.76, 709.56]]",actual,1.9365,0.001334,0.017026,0.00023113,50.0,03,,,
L0081,20206,20207,33,21.387,False,"[[661.08, 337.2], [669.72, 345.72], [669.24, 354.96]]",actual,4.0635,0.021157,0.145526,0.00013276,20.0,03,,,
332F,20209,20213,33,14.413,False,"[[137.88, 448.2], [133.32, 451.8], [136.68, 459.72]]",actual,2.7385,0.014258,0.098072,8.947e-05,20.0,03,,,
371I,20212,20223,33,18.216,False,"[[268.08, 847.68], [285.96, 851.16]]",actual,3.461,0.01802,0.123949,0.00011307,20.0,03,,,
321E,20214,20234,33,67.558,False,"[[285.96, 273.6], [281.16, 297.48], [237.96, 297.72]]",actual,12.836,0.066832,0.459692,0.00041935,20.0,03,,,
382F,20215,20216,33,13.375,False,"[[606.36, 819.24], [603.72, 812.76], [605.04, 806.52]]",actual,2.5413,0.013231,0.091009,8.302e-05,20.0,03,,,
L0082,20215,20229,33,35.043,False,"[[574.8, 808.56], [574.8, 808.56], [588.0, 814.32], [600.12, 815.88], [605.64, 822.24]]",actual,6.6582,0.034667,0.238447,0.00021752,20.0,03,,,
312B,20217,20218,33,13.368,False,"[[692.16, 211.08], [700.2, 221.76]]",actual,2.5399,0.013224,0.090961,8.298e-05,20.0,03,,,
312H,20219,20220,33,24.795,False,"[[762.24, 146.52], [747.96, 154.8], [739.68, 154.44]]",actual,4.7111,0.024529,0.168715,0.00015391,20.0,03,,,
L0083,20224,20225,33,11.082,False,"[[307.08, 658.92], [310.44, 669.48]]",actual,2.1056,0.010963,0.075406,6.879e-05,20.0,03,,,
383D,20227,20228,66,17.578,False,"[[588.57, 888.718], [602.58, 878.1]]",actual,3.3398,0.0023,0.029365,0.00039862,50.0,03,,,
382C,20229,20230,33,12.33,False,"[[574.8, 808.56], [576.72, 796.38]]",actual,2.3427,0.012198,0.083898,7.654e-05,20.0,03,,,
312E,20232,20233,66,23.095,False,"[[662.926, 259.443], [685.68, 263.4]]",actual,4.388,0.003022,0.038582,0.00052373,50.0,03,,,
L0084,20234,20235,33,21.894,False,"[[237.96, 297.72], [237.96, 297.72], [223.92, 314.52]]",actual,4.1599,0.021659,0.148976,0.0001359,20.0,03,,,
321B,20234,20236,33,12.908,False,"[[237.96, 297.72], [234.9, 285.18]]",actual,2.4525,0.012769,0.087831,8.012e-05,20.0,03,,,
G0085,20237,20125,66,4.57,False,,provisional,0.8683,0.000598,0.007635,0.00010364,50.0,03,,,
G0086,20238,20181,66,6.03,False,,provisional,1.1457,0.000789,0.010074,0.00013674,50.0,03,,,
G0087,20239,20008,66,8.38,False,,provisional,1.5922,0.001097,0.013999,0.00019004,50.0,03,,,
G0088,20240,20128,66,6.5,False,,provisional,1.235,0.000851,0.010859,0.0001474,50.0,03,,,
B0089,20010,20226,66,45.46,False,,provisional,8.6374,0.005949,0.075944,0.00103091,50.0,03,,,
B0090,20034,20239,66,28.764,False,,provisional,5.4652,0.003764,0.048052,0.00065229,50.0,03,,,
B0091,20173,20067,66,21.747,False,,bridge,4.1319,0.002846,0.03633,0.00049316,50.0,03,,,
B0092,20019,20102,66,46.499,False,,provisional,8.8348,0.006085,0.07768,0.00105447,50.0,03,,,
B0093,20202,20238,66,37.093,False,,provisional,7.0477,0.004854,0.061966,0.00084117,50.0,03,,,
B0094,20095,20223,66,58.983,False,,provisional,11.2068,0.007718,0.098535,0.00133758,50.0,03,,,
B0095,20204,20078,66,33.956,False,,provisional,6.4516,0.004443,0.056726,0.00077003,50.0,03,,,
B0096,20176,20109,66,20.945,False,,bridge,3.9796,0.002741,0.03499,0.00047498,50.0,03,,,
B0097,20213,20027,66,49.325,False,,provisional,9.3718,0.006454,0.082401,0.00111856,50.0,03,,,
B0098,20126,20129,66,32.819,False,,provisional,6.2356,0.004294,0.054826,0.00074425,50.0,03,,,
B0099,20162,20196,66,40.18,False,,provisional,7.6342,0.005258,0.067123,0.00091118,50.0,03,,,
B0100,20153,20150,66,37.846,False,,provisional,7.1907,0.004952,0.063224,0.00085825,50.0,03,,,
B0101,20208,20064,66,43.583,False,,provisional,8.2808,0.005703,0.072808,0.00098835,50.0,03,,,
B0102,20104,20222,66,28.956,False,,provisional,5.5016,0.003789,0.048373,0.00065664,50.0,03,,,
B0103,20040,20119,66,35.808,False,,provisional,6.8035,0.004686,0.05982,0.00081203,50.0,03,,,
B0104,20160,20121,66,17.769,False,,bridge,3.3761,0.002325,0.029684,0.00040295,50.0,03,,,
B0105,20156,20124,66,18.905,False,,bridge,3.592,0.002474,0.031582,0.00042872,50.0,03,,,
B0106,20131,20127,66,32.584,False,,provisional,6.191,0.004264,0.054434,0.00073892,50.0,03,,,
B0107,20120,20154,66,47.967,False,,provisional,9.1137,0.006277,0.080132,0.00108776,50.0,03,,,
B0108,20136,20037,66,15.316,False,,bridge,2.91,0.002004,0.025586,0.00034733,50.0,03,,,
B0109,20075,20042,66,48.724,False,,provisional,9.2576,0.006376,0.081397,0.00110493,50.0,03,,,
B0110,20189,20043,66,10.683,False,,bridge,2.0298,0.001398,0.017847,0.00024226,50.0,03,,,
B0111,20164,20045,66,26.186,False,,provisional,4.9753,0.003427,0.043746,0.00059383,50.0,03,,,
B0112,20049,20051,66,56.095,False,,provisional,10.658,0.00734,0.093711,0.00127209,50.0,03,,,
B0113,20050,20053,66,43.579,False,,provisional,8.28,0.005702,0.072802,0.00098826,50.0,03,,,
B0114,20228,20054,66,25.029,False,,provisional,4.7555,0.003275,0.041813,0.00056759,50.0,03,,,
B0115,20166,20086,66,46.392,False,,provisional,8.8145,0.006071,0.077501,0.00105205,50.0,03,,,
B0116,20041,20070,66,50.126,False,,provisional,9.5239,0.006559,0.083739,0.00113672,50.0,03,,,
B0117,20195,20082,66,38.795,False,,provisional,7.3711,0.005076,0.06481,0.00087977,50.0,03,,,
B0118,20038,20084,66,57.24,False,,provisional,10.8756,0.00749,0.095623,0.00129805,50.0,03,,,
B0119,20201,20090,66,42.397,False,,provisional,8.0554,0.005548,0.070827,0.00096145,50.0,03,,,
B0120,20036,20099,66,10.944,False,,bridge,2.0794,0.001432,0.018283,0.00024818,50.0,03,,,
B0121,20183,20106,66,17.19,False,,bridge,3.2661,0.002249,0.028717,0.00038982,50.0,03,,,
B0122,20144,20133,66,43.849,False,,provisional,8.3313,0.005738,0.073253,0.00099438,50.0,03,,,
B0123,20240,20135,66,47.606,False,,provisional,9.0451,0.006229,0.079529,0.00107958,50.0,03,,,
B0124,20141,20138,66,37.974,False,,provisional,7.2151,0.004969,0.063438,0.00086115,50.0,03,,,
B0125,20149,20140,66,29.347,False,,provisional,5.5759,0.00384,0.049026,0.00066551,50.0,03,,,
B0126,20137,20145,66,42.504,False,,provisional,8.0758,0.005562,0.071006,0.00096388,50.0,03,,,
B0127,20139,20151,66,57.683,False,,provisional,10.9598,0.007548,0.096363,0.0013081,50.0,03,,,
B0128,20170,20157,66,26.123,False,,provisional,4.9634,0.003418,0.04364,0.0005924,50.0,03,,,
B0129,20158,20087,66,59.862,False,,provisional,11.3738,0.007833,0.100004,0.00135751,50.0,03,,,
B0130,20113,20171,66,42.993,False,,provisional,8.1687,0.005626,0.071823,0.00097497,50.0,03,,,
B0131,20169,20175,66,51.476,False,,provisional,9.7804,0.006736,0.085994,0.00116734,50.0,03,,,
B0132,20161,20177,66,20.076,False,,bridge,3.8144,0.002627,0.033538,0.00045527,50.0,03,,,
B0133,20061,20179,66,21.323,False,,bridge,4.0514,0.00279,0.035622,0.00048355,50.0,03,,,
B0134,20071,20186,66,36.713,False,,provisional,6.9755,0.004804,0.061332,0.00083255,50.0,03,,,
B0135,20205,20191,66,23.225,False,,provisional,4.4127,0.003039,0.038799,0.00052668,50.0,03,,,
B0136,20059,20200,66,30.082,False,,provisional,5.7156,0.003936,0.050254,0.00068218,50.0,03,,,
B0137,20044,20207,66,16.377,False,,bridge,3.1116,0.002143,0.027359,0.00037139,50.0,03,,,
B0138,20085,20217,66,41.141,False,,provisional,7.8168,0.005383,0.068729,0.00093297,50.0,03,,,
B0139,20237,20224,66,16.177,False,,bridge,3.0736,0.002117,0.027025,0.00036685,50.0,03,,,
B0140,20194,20101,66,50.82,False,,provisional,9.6558,0.00665,0.084898,0.00115246,50.0,03,,,
B0141,20089,20123,66,11.785,False,,bridge,2.2391,0.001542,0.019688,0.00026725,50.0,03,,,
B0142,20178,20221,66,55.794,False,,provisional,10.6009,0.007301,0.093208,0.00126526,50.0,03,,,
B0143,20218,20231,66,57.624,False,,provisional,10.9486,0.00754,0.096265,0.00130676,50.0,03,,,
B0144,20231,20220,66,27.802,False,,provisional,5.2824,0.003638,0.046445,0.00063048,50.0,03,,,
I0145,20117,20115,66,62.433,False,,inset_provisional,11.8623,0.00817,0.104299,0.00141581,50.0,03,,,
I0146,20083,20168,66,69.874,False,,inset_provisional,13.2761,0.009143,0.116729,0.00158456,50.0,03,,,
I0147,20046,20185,66,79.036,False,,inset_provisional,15.0168,0.010342,0.132035,0.00179233,50.0,03,,,
XFRM9000,20241,20000,66,0.0,,,transformer,0.0,0.005,0.1,0.0,80.0,03,True,,
XFRM9001,20242,20074,66,0.0,,,transformer,0.0,0.005,0.1,0.0,80.0,03,True,,
XFRM9002,20243,20112,66,0.0,,,transformer,0.0,0.005,0.1,0.0,80.0,03,True,,
XFRM9003,20244,20007,66,0.0,,,transformer,0.0,0.005,0.1,0.0,80.0,03,True,,
XFRM9004,20245,20020,66,0.0,,,transformer,0.0,0.005,0.1,0.0,80.0,03,True,,
XFRM9005,20246,20056,66,0.0,,,transformer,0.0,0.005,0.1,0.0,80.0,03,True,,
XFRM9006,20247,20103,66,0.0,,,transformer,0.0,0.005,0.1,0.0,80.0,03,True,,
XFRM9007,20248,20012,66,0.0,,,transformer,0.0,0.005,0.1,0.0,80.0,03,True,,
XFRM9008,20249,20107,66,0.0,,,transformer,0.0,0.005,0.1,0.0,80.0,03,True,,
XFRM9009,20250,20188,66,0.0,,,transformer,0.0,0.005,0.1,0.0,80.0,03,True,,
495C,30000,30042,66,115.217,False,"[[295.2, 627.48], [321.96, 627.36], [344.52, 625.08], [355.56, 619.44], [372.96, 615.96], [388.2, 615.96], [388.81, 616.301], [389.518, 616.675], [390.311, 617.078], [391.181, 617.506], [392.115, 617.955], [393.103, 618.422], [394.135, 618.904], [395.198, 619.397], [396.284, 619.897], [397.38, 620.4], [398.476, 620.903], [399.562, 621.403], [400.625, 621.896], [401.657, 622.378], [402.645, 622.845], [403.579, 623.294], [404.449, 623.722], [405.242, 624.125], [405.95, 624.499], [406.56, 624.84]]",actual,11.5217,0.007935,0.101304,0.00137517,50.0,04,,,
482B,30000,30139,66,89.277,False,"[[404.88, 627.84], [391.08, 621.36], [391.098, 622.493], [391.116, 623.625], [391.134, 624.755], [391.151, 625.884], [391.168, 627.011], [391.185, 628.138], [391.201, 629.264], [391.216, 630.39], [391.231, 631.515], [391.245, 632.64], [391.258, 633.765], [391.27, 634.89], [391.281, 636.016], [391.291, 637.142], [391.299, 638.269], [391.307, 639.396], [391.312, 640.525], [391.316, 641.655], [391.319, 642.787], [391.32, 643.92], [386.88, 647.28], [388.56, 661.32], [395.28, 676.8], [400.32, 683.76], [400.36, 684.066], [400.409, 684.372], [400.465, 684.678], [400.527, 684.984], [400.596, 685.29], [400.669, 685.596], [400.746, 685.902], [400.827, 686.208], [400.91, 686.514], [400.995, 686.82], [401.081, 687.126], [401.167, 687.432], [401.252, 687.738], [401.336, 688.044], [401.417, 688.35], [401.495, 688.656], [401.569, 688.962], [401.639, 689.268], [401.703, 689.574], [401.76, 689.88]]",actual,8.9277,0.006149,0.078497,0.00106556,50.0,04,,,
L0001,30000,30140,66,11.64,False,"[[379.08, 632.04], [390.72, 632.04]]",actual,1.164,0.000802,0.010234,0.00013893,50.0,04,,,
L0002,30001,30002,66,93.98,False,"[[312.96, 697.68], [294.24, 699.6], [288.48, 709.2], [289.44, 719.52], [299.28, 720.6], [313.44, 727.2], [313.631, 727.609], [313.843, 728.075], [314.072, 728.594], [314.316, 729.16], [314.572, 729.769], [314.838, 730.414], [315.109, 731.091], [315.383, 731.795], [315.658, 732.519], [315.93, 733.26], [316.197, 734.012], [316.455, 734.769], [316.703, 735.526], [316.936, 736.279], [317.152, 737.021], [317.349, 737.748], [317.523, 738.455], [317.671, 739.136], [317.791, 739.786], [317.88, 740.4], [317.871, 741.102], [317.846, 741.804], [317.807, 742.506], [317.754, 743.208], [317.691, 743.91], [317.618, 744.612], [317.537, 745.314], [317.45, 746.016], [317.359, 746.718], [317.265, 747.42], [317.17, 748.122], [317.076, 748.824], [316.985, 749.526], [316.898, 750.228], [316.817, 750.93], [316.743, 751.632], [316.679, 752.334], [316.626, 753.036], [316.586, 753.738], [316.56, 754.44]]",actual,9.398,0.006472,0.082632,0.00112169,50.0,04,,,
L0003,30001,30002,66,59.552,False,"[[313.92, 697.32], [312.48, 704.76], [312.722, 705.807], [313.048, 707.061], [313.447, 708.498], [313.911, 710.095], [314.432, 711.827], [315.0, 713.671], [315.606, 715.604], [316.241, 717.601], [316.897, 719.639], [317.565, 721.695], [318.235, 723.744], [318.9, 725.764], [319.549, 727.73], [320.174, 729.618], [320.766, 731.406], [321.316, 733.068], [321.815, 734.583], [322.255, 735.926], [322.626, 737.072], [322.92, 738.0], [320.28, 754.92]]",actual,5.9552,0.004101,0.052361,0.00071078,50.0,04,,,
L0004,30001,30235,66,35.124,False,"[[339.48, 707.52], [339.48, 700.32], [311.64, 698.16]]",actual,3.5124,0.002419,0.030883,0.00041922,50.0,04,,,
L0005,30001,30237,66,17.225,False,"[[315.72, 679.32], [313.2, 696.36]]",actual,1.7225,0.001186,0.015145,0.00020559,50.0,04,,,
L0006,30002,30004,66,81.526,False,"[[376.56, 799.92], [364.32, 785.52], [357.48, 778.56], [326.28, 777.0], [326.245, 776.82], [326.211, 776.64], [326.18, 776.46], [326.149, 776.28], [326.121, 776.1], [326.093, 775.92], [326.067, 775.74], [326.042, 775.56], [326.018, 775.38], [325.995, 775.2], [325.973, 775.02], [325.952, 774.84], [325.931, 774.66], [325.911, 774.48], [325.892, 774.3], [325.873, 774.12], [325.854, 773.94], [325.836, 773.76], [325.818, 773.58], [325.8, 773.4], [307.92, 771.36]]",actual,8.1526,0.005615,0.071681,0.00097305,50.0,04,,,
4705,30002,30232,66,96.153,False,"[[291.0, 694.08], [290.502, 694.668], [289.981, 695.279], [289.44, 695.91], [288.881, 696.559], [288.307, 697.223], [287.721, 697.899], [287.125, 698.585], [286.521, 699.279], [285.912, 699.978], [285.3, 700.68], [284.688, 701.382], [284.079, 702.081], [283.475, 702.775], [282.879, 703.461], [282.292, 704.138], [281.719, 704.801], [281.16, 705.45], [280.619, 706.081], [280.098, 706.692], [279.6, 707.28], [279.6, 708.81], [279.6, 710.406], [279.6, 712.061], [279.6, 713.768], [279.6, 715.519], [279.6, 717.307], [279.6, 719.124], [279.6, 720.964], [279.6, 722.818], [279.6, 724.68], [279.6, 726.542], [279.6, 728.396], [279.6, 730.236], [279.6, 732.053], [279.6, 733.841], [279.6, 735.592], [279.6, 737.299], [279.6, 738.954], [279.6, 740.55], [279.6, 742.08], [283.32, 749.04], [296.64, 754.56], [318.24, 754.8]]",actual,9.6153,0.006622,0.084542,0.00114763,50.0,04,,,
L0007,30002,30236,66,27.297,False,"[[343.92, 742.2], [318.6, 752.4]]",actual,2.7297,0.00188,0.024001,0.0003258,50.0,04,,,
L0008,30003,30004,66,101.776,False,"[[287.16, 781.8], [293.52, 779.76], [303.48, 786.96], [315.36, 806.16], [331.44, 810.96], [373.92, 801.84]]",actual,10.1776,0.007009,0.089486,0.00121474,50.0,04,,,
L0009,30003,30014,66,62.086,False,"[[286.56, 780.48], [290.28, 776.04], [280.32, 764.16], [279.743, 763.145], [279.132, 762.018], [278.492, 760.792], [277.828, 759.48], [277.146, 758.096], [276.45, 756.654], [275.747, 755.167], [275.042, 753.648], [274.339, 752.111], [273.645, 750.57], [272.964, 749.038], [272.302, 747.528], [271.664, 746.054], [271.056, 744.63], [270.482, 743.269], [269.948, 741.984], [269.46, 740.789], [269.022, 739.698], [268.64, 738.724], [268.32, 737.88], [268.319, 737.286], [268.317, 736.692], [268.313, 736.098], [268.308, 735.504], [268.301, 734.91], [268.294, 734.316], [268.286, 733.722], [268.278, 733.128], [268.269, 732.534], [268.26, 731.94], [268.251, 731.346], [268.242, 730.752], [268.234, 730.158], [268.226, 729.564], [268.219, 728.97], [268.212, 728.376], [268.207, 727.782], [268.203, 727.188], [268.201, 726.594], [268.2, 726.0]]",actual,6.2086,0.004276,0.054589,0.00074102,50.0,04,,,
454B,30004,30070,66,59.047,False,"[[376.68, 801.48], [376.68, 825.96], [362.88, 837.24], [355.44, 852.24]]",actual,5.9047,0.004067,0.051917,0.00070475,50.0,04,,,
454A,30004,30204,66,46.935,False,"[[378.24, 801.48], [364.56, 813.96], [363.156, 814.093], [361.752, 814.239], [360.348, 814.396], [358.943, 814.564], [357.538, 814.74], [356.133, 814.923], [354.727, 815.113], [353.32, 815.306], [351.913, 815.502], [350.505, 815.7], [349.096, 815.898], [347.686, 816.094], [346.275, 816.288], [344.863, 816.477], [343.449, 816.66], [342.035, 816.836], [340.618, 817.004], [339.201, 817.161], [337.781, 817.307], [336.36, 817.44]]",actual,4.6935,0.003232,0.041267,0.00056019,50.0,04,,,
L0010,30004,30214,66,23.353,False,"[[376.68, 800.28], [353.52, 797.28]]",actual,2.3353,0.001608,0.020533,0.00027873,50.0,04,,,
L0011,30004,30213,66,28.226,False,"[[375.48, 799.56], [376.68, 771.36]]",actual,2.8226,0.001944,0.024818,0.00033689,50.0,04,,,
456A,30004,30229,66,34.306,False,"[[379.08, 798.0], [385.2, 785.88], [392.04, 772.32], [397.32, 774.0]]",actual,3.4306,0.002363,0.030163,0.00040946,50.0,04,,,
453C,30005,30006,66,127.533,False,"[[590.4, 819.24], [595.56, 819.96], [606.84, 825.24], [627.6, 855.24], [637.08, 856.44], [640.92, 855.48], [699.72, 844.2]]",actual,12.7533,0.008783,0.112133,0.00152216,50.0,04,,,
461C,30005,30249,66,75.005,False,"[[572.4, 749.64], [571.44, 768.12], [578.04, 792.84], [591.72, 813.84], [588.96, 819.0]]",actual,7.5005,0.005166,0.065948,0.00089522,50.0,04,,,
L0012,30006,30007,66,27.186,False,"[[698.64, 840.84], [686.16, 826.68], [677.88, 827.4]]",actual,2.7186,0.001872,0.023903,0.00032448,50.0,04,,,
455A,30006,30256,66,30.041,False,"[[699.36, 842.4], [670.08, 835.68]]",actual,3.0041,0.002069,0.026413,0.00035855,50.0,04,,,
441B,30006,30276,66,41.195,False,"[[700.2, 841.08], [718.44, 807.48], [721.2, 808.56]]",actual,4.1195,0.002837,0.036221,0.00049168,50.0,04,,,
463A,30006,30268,66,102.437,False,"[[700.2, 841.68], [697.44, 831.84], [699.6, 806.76], [693.36, 782.76], [692.64, 740.52]]",actual,10.2437,0.007055,0.090067,0.00122263,50.0,04,,,
464B,30007,30008,66,79.321,False,"[[685.8, 826.32], [683.04, 819.84], [675.6, 814.56], [637.32, 812.64], [635.76, 808.8], [615.12, 807.48]]",actual,7.9321,0.005463,0.069743,0.00094673,50.0,04,,,
L0013,30008,30011,66,23.968,False,"[[627.6, 786.36], [613.92, 806.04]]",actual,2.3968,0.001651,0.021074,0.00028607,50.0,04,,,
L0014,30009,30010,66,23.349,False,"[[567.36, 542.64], [584.4, 536.16], [584.613, 535.967], [584.822, 535.784], [585.026, 535.61], [585.227, 535.443], [585.424, 535.283], [585.618, 535.128], [585.811, 534.977], [586.001, 534.829], [586.191, 534.684], [586.38, 534.54], [586.569, 534.396], [586.759, 534.251], [586.949, 534.103], [587.142, 533.952], [587.336, 533.798], [587.533, 533.637], [587.734, 533.47], [587.938, 533.296], [588.147, 533.113], [588.36, 532.92]]",actual,2.3349,0.001608,0.02053,0.00027868,50.0,04,,,
L0015,30011,30012,66,107.668,False,"[[627.84, 781.92], [627.36, 761.4], [605.76, 744.12], [596.16, 743.88], [591.24, 729.84], [598.68, 716.04], [618.0, 715.68]]",actual,10.7668,0.007415,0.094667,0.00128506,50.0,04,,,
L0016,30011,30012,66,70.832,False,"[[631.2, 784.08], [632.16, 761.76], [622.56, 737.64], [618.12, 724.8], [619.2, 715.92]]",actual,7.0832,0.004878,0.062279,0.00084541,50.0,04,,,
L0017,30011,30013,66,115.195,False,"[[592.68, 711.0], [581.28, 722.28], [581.88, 764.04], [585.96, 772.56], [603.96, 787.56], [621.6, 787.2], [627.84, 784.32]]",actual,11.5195,0.007934,0.101285,0.0013749,50.0,04,,,
464A,30011,30283,66,35.104,False,"[[661.44, 768.48], [660.014, 769.213], [658.548, 769.971], [657.046, 770.75], [655.512, 771.548], [653.951, 772.363], [652.368, 773.192], [650.767, 774.032], [649.152, 774.881], [647.528, 775.736], [645.9, 776.595], [644.272, 777.455], [642.648, 778.312], [641.033, 779.166], [639.432, 780.012], [637.849, 780.849], [636.288, 781.674], [634.754, 782.484], [633.252, 783.277], [631.786, 784.05], [630.36, 784.8]]",actual,3.5104,0.002418,0.030865,0.00041898,50.0,04,,,
411A,30012,30280,66,42.454,False,"[[652.32, 726.72], [652.32, 718.2], [618.48, 715.68]]",actual,4.2454,0.002924,0.037328,0.00050671,50.0,04,,,
L0018,30012,30284,66,23.369,False,"[[624.36, 690.0], [621.24, 713.16]]",actual,2.3369,0.001609,0.020547,0.00027892,50.0,04,,,
L0019,30012,30287,66,12.682,False,"[[605.76, 722.4], [618.36, 723.84]]",actual,1.2682,0.000873,0.011151,0.00015137,50.0,04,,,
L0020,30013,30285,66,11.111,False,"[[604.32, 703.32], [594.48, 708.48]]",actual,1.1111,0.000765,0.009769,0.00013261,50.0,04,,,
L0021,30013,30286,66,15.213,False,"[[591.84, 707.52], [583.8, 708.36], [578.64, 713.28]]",actual,1.5213,0.001048,0.013376,0.00018157,50.0,04,,,
L0022,30013,30286,66,16.753,False,"[[593.76, 708.84], [589.68, 710.52], [584.64, 714.36], [578.64, 714.12]]",actual,1.6753,0.001154,0.01473,0.00019995,50.0,04,,,
L0023,30014,30069,66,72.024,False,"[[221.16, 704.04], [221.16, 695.28], [231.72, 697.92], [235.2, 700.68], [256.8, 707.4], [260.28, 724.2], [268.44, 724.2]]",actual,7.2024,0.00496,0.063327,0.00085964,50.0,04,,,
L0024,30014,30309,66,58.223,False,"[[269.4, 724.92], [297.36, 724.56], [306.96, 721.8], [307.264, 721.743], [307.669, 721.645], [308.17, 721.507], [308.761, 721.333], [309.437, 721.125], [310.192, 720.884], [311.022, 720.613], [311.921, 720.314], [312.884, 719.989], [313.905, 719.64], [314.979, 719.27], [316.101, 718.88], [317.266, 718.473], [318.467, 718.05], [319.701, 717.615], [320.961, 717.169], [322.242, 716.714], [323.539, 716.253], [324.847, 715.788], [326.16, 715.32]]",actual,5.8223,0.00401,0.051192,0.00069492,50.0,04,,,
L0025,30015,30016,66,74.266,False,"[[273.72, 896.52], [256.32, 907.08], [248.04, 910.44], [233.16, 921.6], [227.28, 919.2], [223.08, 920.16], [222.904, 920.367], [222.737, 920.558], [222.576, 920.735], [222.422, 920.899], [222.274, 921.052], [222.13, 921.197], [221.989, 921.334], [221.851, 921.466], [221.715, 921.594], [221.58, 921.72], [221.445, 921.846], [221.309, 921.974], [221.171, 922.106], [221.03, 922.243], [220.886, 922.387], [220.738, 922.541], [220.584, 922.705], [220.423, 922.882], [220.256, 923.073], [220.08, 923.28], [220.403, 923.466], [220.789, 923.698], [221.232, 923.969], [221.724, 924.274], [222.255, 924.608], [222.819, 924.965], [223.407, 925.34], [224.012, 925.728], [224.626, 926.123], [225.24, 926.52], [225.847, 926.913], [226.439, 927.298], [227.008, 927.668], [227.546, 928.018], [228.045, 928.343], [228.497, 928.637], [228.895, 928.895], [229.23, 929.112], [229.494, 929.282], [229.68, 929.4]]",actual,7.4266,0.005115,0.065298,0.0008864,50.0,04,,,
L0026,30015,30033,66,62.085,False,"[[274.8, 894.6], [294.6, 895.56], [324.96, 866.16]]",actual,6.2085,0.004276,0.054588,0.00074101,50.0,04,,,
431C,30015,30030,66,71.393,False,"[[273.96, 895.44], [273.48, 904.32], [269.16, 912.84], [262.68, 921.96], [262.645, 922.518], [262.611, 923.076], [262.579, 923.634], [262.548, 924.193], [262.519, 924.752], [262.49, 925.311], [262.462, 925.871], [262.434, 926.432], [262.407, 926.993], [262.38, 927.555], [262.353, 928.118], [262.326, 928.682], [262.298, 929.247], [262.27, 929.813], [262.241, 930.381], [262.212, 930.949], [262.181, 931.52], [262.149, 932.091], [262.115, 932.665], [262.08, 933.24], [251.64, 943.32], [260.04, 956.881]]",actual,7.1393,0.004917,0.062772,0.00085211,50.0,04,,,
425J,30015,30036,66,38.553,False,"[[272.16, 867.84], [262.8, 872.88], [261.48, 877.08], [263.4, 883.8], [265.44, 887.16], [265.44, 894.72], [270.48, 894.72]]",actual,3.8553,0.002655,0.033898,0.00046015,50.0,04,,,
L0027,30015,30079,66,97.938,False,"[[188.88, 869.4], [202.68, 885.96], [234.12, 896.88], [248.04, 897.84], [250.8, 901.32], [256.92, 902.52], [257.642, 902.139], [258.401, 901.751], [259.193, 901.357], [260.014, 900.959], [260.859, 900.557], [261.725, 900.152], [262.606, 899.744], [263.5, 899.335], [264.401, 898.925], [265.305, 898.515], [266.208, 898.106], [267.107, 897.699], [267.995, 897.294], [268.871, 896.893], [269.728, 896.496], [270.564, 896.103], [271.373, 895.717], [272.151, 895.337], [272.895, 894.964], [273.6, 894.6]]",actual,9.7938,0.006745,0.086112,0.00116893,50.0,04,,,
425D,30015,30112,66,38.913,False,"[[273.96, 896.76], [293.16, 898.32], [298.32, 917.28]]",actual,3.8913,0.00268,0.034214,0.00046444,50.0,04,,,
L0028,30016,30084,66,10.479,False,"[[219.36, 928.56], [228.96, 932.76]]",actual,1.0479,0.000722,0.009214,0.00012507,50.0,04,,,
L0029,30017,30018,66,43.309,False,"[[437.28, 241.32], [440.28, 236.88], [444.84, 235.44], [459.48, 235.44], [464.76, 253.2]]",actual,4.3309,0.002983,0.038079,0.00051691,50.0,04,,,
L0030,30017,30121,66,51.766,False,"[[436.44, 240.48], [430.44, 243.84], [426.48, 241.92], [423.84, 246.72], [409.2, 247.2], [396.48, 244.32], [389.16, 244.32]]",actual,5.1766,0.003565,0.045515,0.00061785,50.0,04,,,
L0031,30019,30020,66,43.313,False,"[[307.08, 592.68], [290.88, 589.32], [290.76, 579.6], [282.72, 579.6], [282.36, 588.6]]",actual,4.3313,0.002983,0.038083,0.00051696,50.0,04,,,
L0032,30019,30042,66,53.092,False,"[[308.28, 593.04], [319.08, 601.56], [313.92, 608.76], [316.56, 612.12], [307.68, 620.04], [299.64, 621.12], [296.04, 626.16]]",actual,5.3092,0.003656,0.046681,0.00063368,50.0,04,,,
L0033,30020,30244,66,19.701,False,"[[264.36, 589.68], [281.76, 580.44]]",actual,1.9701,0.001357,0.017322,0.00023514,50.0,04,,,
L0034,30020,30297,66,18.02,False,"[[282.72, 579.72], [275.16, 579.96], [264.84, 578.28]]",actual,1.802,0.001241,0.015844,0.00021508,50.0,04,,,
L0035,30020,30298,66,15.567,False,"[[286.2, 579.6], [274.44, 569.4]]",actual,1.5567,0.001072,0.013687,0.0001858,50.0,04,,,
L0036,30021,30022,66,135.432,False,"[[432.0, 302.16], [426.6, 294.72], [435.12, 287.04], [455.64, 290.28], [463.92, 299.52], [479.16, 299.52], [512.52, 313.56], [523.92, 326.88], [523.956, 327.51], [523.992, 328.14], [524.028, 328.77], [524.064, 329.4], [524.1, 330.03], [524.136, 330.66], [524.172, 331.29], [524.208, 331.92], [524.244, 332.55], [524.28, 333.18], [524.316, 333.81], [524.352, 334.44], [524.388, 335.07], [524.424, 335.7], [524.46, 336.33], [524.496, 336.96], [524.532, 337.59], [524.568, 338.22], [524.604, 338.85], [524.64, 339.48]]",actual,13.5432,0.009327,0.119078,0.00161644,50.0,04,,,
L0037,30021,30095,66,71.837,False,"[[429.84, 303.6], [423.96, 297.48], [412.8, 304.44], [415.2, 313.68], [425.64, 343.08], [424.32, 352.44]]",actual,7.1837,0.004947,0.063162,0.00085741,50.0,04,,,
L0038,30022,30047,66,102.472,False,"[[597.48, 277.56], [601.44, 285.12], [590.4, 293.28], [559.92, 311.4], [555.6, 319.44], [546.24, 324.24], [526.2, 339.36]]",actual,10.2472,0.007057,0.090098,0.00122305,50.0,04,,,
L0039,30022,30052,66,36.221,False,"[[502.08, 360.6], [508.92, 362.04], [514.8, 358.44], [514.56, 347.16], [523.92, 341.28]]",actual,3.6221,0.002495,0.031847,0.00043231,50.0,04,,,
L0040,30022,30066,66,99.383,False,"[[525.0, 340.08], [534.72, 344.88], [537.48, 350.64], [537.48, 391.92], [549.36, 412.68], [549.84, 422.04], [557.4, 422.64]]",actual,9.9383,0.006845,0.087382,0.00118618,50.0,04,,,
L0041,30023,30024,66,12.051,False,"[[587.28, 561.12], [596.76, 568.56]]",actual,1.2051,0.00083,0.010596,0.00014383,50.0,04,,,
L0042,30023,30089,66,52.341,False,"[[544.2, 528.48], [549.0, 533.76], [575.76, 547.08], [585.12, 559.2]]",actual,5.2341,0.003605,0.046021,0.00062471,50.0,04,,,
L0043,30025,30041,66,70.261,False,"[[402.48, 456.96], [398.52, 470.28], [401.28, 476.4], [397.8, 494.76], [394.2, 503.4], [387.12, 508.32], [377.88, 517.44]]",actual,7.0261,0.004839,0.061777,0.0008386,50.0,04,,,
L0044,30025,30088,66,41.564,False,"[[377.76, 517.08], [375.84, 526.8], [379.08, 533.16], [377.28, 542.88], [372.84, 546.72], [373.08, 555.48]]",actual,4.1564,0.002863,0.036545,0.00049608,50.0,04,,,
L0045,30025,30027,66,43.831,False,"[[338.28, 508.8], [345.0, 513.24], [348.96, 513.84], [354.6, 517.2], [360.84, 519.24], [368.28, 520.32], [378.72, 516.48]]",actual,4.3831,0.003019,0.038538,0.00052314,50.0,04,,,
L0046,30025,30194,66,10.484,False,"[[413.16, 511.32], [404.4, 505.56]]",actual,1.0484,0.000722,0.009218,0.00012513,50.0,04,,,
L0047,30025,30195,66,13.385,False,"[[370.56, 519.48], [371.88, 506.16]]",actual,1.3385,0.000922,0.011769,0.00015976,50.0,04,,,
L0048,30025,30200,66,19.592,False,"[[384.96, 506.52], [391.08, 500.76], [391.08, 496.08], [388.56, 490.08]]",actual,1.9592,0.001349,0.017226,0.00023384,50.0,04,,,
L0049,30026,30027,66,10.331,False,"[[355.68, 528.24], [356.16, 517.92]]",actual,1.0331,0.000712,0.009084,0.00012331,50.0,04,,,
L0050,30026,30088,66,55.534,False,"[[341.04, 539.04], [343.68, 532.92], [351.96, 535.8], [357.12, 538.32], [357.085, 538.95], [357.051, 539.58], [357.02, 540.21], [356.989, 540.84], [356.961, 541.47], [356.933, 542.1], [356.907, 542.73], [356.882, 543.36], [356.858, 543.99], [356.835, 544.62], [356.813, 545.25], [356.792, 545.88], [356.771, 546.51], [356.751, 547.14], [356.732, 547.77], [356.713, 548.4], [356.694, 549.03], [356.676, 549.66], [356.658, 550.29], [356.64, 550.92], [364.2, 551.04], [370.08, 548.04], [370.084, 548.403], [370.097, 548.77], [370.116, 549.142], [370.142, 549.517], [370.174, 549.896], [370.21, 550.278], [370.249, 550.661], [370.291, 551.047], [370.335, 551.433], [370.38, 551.82], [370.425, 552.207], [370.469, 552.593], [370.511, 552.979], [370.55, 553.362], [370.586, 553.744], [370.618, 554.123], [370.644, 554.498], [370.663, 554.87], [370.676, 555.237], [370.68, 555.6]]",actual,5.5534,0.003825,0.048828,0.00066282,50.0,04,,,
L0051,30027,30094,66,92.071,False,"[[370.68, 436.44], [363.24, 442.92], [364.44, 447.6], [361.68, 449.76], [357.48, 447.36], [358.8, 452.76], [346.56, 464.4], [343.8, 476.64], [341.64, 479.16], [338.76, 490.68], [338.759, 491.663], [338.757, 492.633], [338.753, 493.592], [338.747, 494.54], [338.741, 495.48], [338.734, 496.413], [338.726, 497.34], [338.718, 498.262], [338.709, 499.182], [338.7, 500.1], [338.691, 501.018], [338.682, 501.938], [338.674, 502.861], [338.666, 503.787], [338.659, 504.72], [338.652, 505.66], [338.647, 506.608], [338.643, 507.567], [338.641, 508.537], [338.64, 509.52]]",actual,9.2071,0.006341,0.080953,0.00109891,50.0,04,,,
L0052,30027,30157,66,67.754,False,"[[337.08, 517.68], [330.84, 519.84], [327.72, 530.64], [297.84, 528.96], [297.442, 529.847], [297.041, 530.744], [296.637, 531.649], [296.231, 532.562], [295.822, 533.481], [295.412, 534.404], [295.0, 535.332], [294.588, 536.262], [294.174, 537.193], [293.76, 538.125], [293.346, 539.056], [292.932, 539.985], [292.52, 540.91], [292.108, 541.831], [291.697, 542.747], [291.289, 543.656], [290.883, 544.557], [290.479, 545.448], [290.078, 546.33], [289.68, 547.2]]",actual,6.7754,0.004666,0.059573,0.00080867,50.0,04,,,
L0053,30027,30085,66,47.108,False,"[[338.52, 508.92], [334.68, 528.0], [332.64, 543.12], [333.48, 555.48]]",actual,4.7108,0.003244,0.04142,0.00056225,50.0,04,,,
L0054,30027,30242,66,10.921,False,"[[358.32, 518.4], [358.44, 507.48]]",actual,1.0921,0.000752,0.009602,0.00013035,50.0,04,,,
482G,30028,30138,66,30.359,False,"[[481.32, 571.44], [487.32, 601.2]]",actual,3.0359,0.002091,0.026693,0.00036235,50.0,04,,,
L0055,30029,30030,66,89.68,False,"[[203.76, 956.401], [197.04, 948.96], [204.96, 941.4], [213.24, 948.0], [222.12, 951.481], [230.28, 957.241], [240.6, 949.56], [248.64, 945.48], [249.092, 946.197], [249.547, 946.91], [250.005, 947.618], [250.465, 948.322], [250.927, 949.022], [251.392, 949.719], [251.858, 950.414], [252.324, 951.106], [252.792, 951.796], [253.26, 952.485], [253.728, 953.174], [254.196, 953.861], [254.662, 954.549], [255.128, 955.237], [255.592, 955.926], [256.055, 956.617], [256.515, 957.309], [256.973, 958.004], [257.428, 958.701], [257.88, 959.401]]",actual,8.968,0.006176,0.078851,0.00107037,50.0,04,,,
433A,30030,30057,66,151.87,False,"[[258.72, 957.601], [272.76, 979.801], [281.64, 1009.081], [284.4, 1013.761], [273.84, 1037.161], [286.56, 1054.201], [288.12, 1066.921], [308.4, 1067.641], [309.36, 1058.161]]",actual,15.187,0.010459,0.133531,0.00181264,50.0,04,,,
424K,30031,30032,66,35.675,False,"[[309.0, 955.681], [313.92, 955.201], [321.6, 956.521], [325.08, 959.281], [325.08, 965.281], [329.76, 965.401], [329.795, 965.78], [329.829, 966.16], [329.86, 966.543], [329.891, 966.926], [329.919, 967.312], [329.947, 967.698], [329.973, 968.086], [329.998, 968.475], [330.022, 968.865], [330.045, 969.256], [330.067, 969.648], [330.088, 970.041], [330.109, 970.434], [330.129, 970.828], [330.148, 971.223], [330.167, 971.618], [330.186, 972.013], [330.204, 972.409], [330.222, 972.805], [330.24, 973.201]]",actual,3.5675,0.002457,0.031367,0.0004258,50.0,04,,,
L0056,30032,30154,66,19.463,False,"[[335.04, 948.96], [339.36, 953.521], [339.36, 961.081], [333.96, 962.641]]",actual,1.9463,0.00134,0.017113,0.0002323,50.0,04,,,
425A,30033,30073,66,66.854,False,"[[331.8, 869.04], [331.783, 869.309], [331.767, 869.577], [331.753, 869.842], [331.74, 870.107], [331.729, 870.369], [331.718, 870.631], [331.708, 870.891], [331.698, 871.15], [331.689, 871.408], [331.68, 871.665], [331.671, 871.921], [331.662, 872.176], [331.652, 872.431], [331.642, 872.685], [331.631, 872.938], [331.62, 873.191], [331.607, 873.444], [331.593, 873.696], [331.577, 873.948], [331.56, 874.2], [326.52, 881.16], [355.32, 888.48], [356.88, 895.32], [369.48, 905.76]]",actual,6.6854,0.004604,0.058781,0.00079793,50.0,04,,,
L0057,30033,30070,66,32.637,False,"[[354.24, 853.8], [344.28, 868.2], [343.71, 868.197], [343.082, 868.187], [342.404, 868.171], [341.682, 868.15], [340.922, 868.125], [340.13, 868.096], [339.312, 868.065], [338.474, 868.031], [337.623, 867.996], [336.765, 867.96], [335.906, 867.924], [335.052, 867.889], [334.21, 867.855], [333.386, 867.824], [332.586, 867.795], [331.815, 867.77], [331.081, 867.749], [330.39, 867.733], [329.748, 867.723], [329.16, 867.72]]",actual,3.2637,0.002248,0.028696,0.00038954,50.0,04,,,
424B,30033,30059,66,52.491,False,"[[324.96, 869.4], [312.24, 882.0], [302.04, 892.32], [306.12, 901.2], [315.36, 905.76]]",actual,5.2491,0.003615,0.046153,0.0006265,50.0,04,,,
482H,30034,30035,66,100.644,False,"[[468.36, 585.72], [463.8, 579.24], [459.84, 582.24], [453.0, 594.72], [452.928, 595.315], [452.856, 595.911], [452.784, 596.509], [452.712, 597.108], [452.64, 597.709], [452.568, 598.31], [452.496, 598.912], [452.424, 599.514], [452.352, 600.117], [452.28, 600.72], [452.208, 601.323], [452.136, 601.926], [452.064, 602.528], [451.992, 603.13], [451.92, 603.731], [451.848, 604.332], [451.776, 604.931], [451.704, 605.529], [451.632, 606.125], [451.56, 606.72], [438.96, 625.56], [429.84, 630.72], [423.48, 641.28], [423.498, 642.073], [423.516, 642.867], [423.534, 643.663], [423.552, 644.46], [423.57, 645.259], [423.588, 646.058], [423.606, 646.858], [423.624, 647.658], [423.642, 648.459], [423.66, 649.26], [423.678, 650.061], [423.696, 650.862], [423.714, 651.662], [423.732, 652.462], [423.75, 653.261], [423.768, 654.06], [423.786, 654.857], [423.804, 655.653], [423.822, 656.447], [423.84, 657.24]]",actual,10.0644,0.006931,0.088491,0.00120123,50.0,04,,,
L0058,30034,30089,66,105.427,False,"[[471.6, 584.4], [468.36, 576.72], [487.08, 569.16], [502.8, 566.76], [526.08, 543.84], [531.6, 538.32], [531.6, 529.68], [543.24, 527.28]]",actual,10.5427,0.007261,0.092696,0.00125832,50.0,04,,,
L0059,30035,30205,66,92.96,False,"[[422.88, 658.44], [412.08, 681.6], [401.76, 689.88], [402.48, 700.32], [403.8, 710.64], [408.36, 714.72], [418.92, 720.84], [421.8, 721.68], [423.36, 733.56]]",actual,9.296,0.006402,0.081735,0.00110952,50.0,04,,,
L0060,30035,30208,66,33.16,False,"[[423.48, 658.08], [430.44, 673.32], [446.76, 675.0]]",actual,3.316,0.002284,0.029156,0.00039578,50.0,04,,,
L0061,30037,30038,66,76.42,False,"[[202.2, 828.6], [217.32, 830.16], [233.28, 821.16], [259.92, 812.88], [259.92, 797.88]]",actual,7.642,0.005263,0.067192,0.00091211,50.0,04,,,
454F,30038,30310,33,72.436,False,"[[219.12, 788.16], [224.88, 788.28], [239.16, 809.52], [267.12, 809.76], [265.08, 796.8]]",actual,7.2436,0.037715,0.259413,0.00023665,20.0,04,,,
4507,30038,30330,66,43.121,False,"[[262.68, 798.84], [262.712, 799.541], [262.735, 800.241], [262.751, 800.939], [262.761, 801.636], [262.764, 802.331], [262.763, 803.026], [262.758, 803.72], [262.749, 804.414], [262.738, 805.107], [262.725, 805.8], [262.711, 806.493], [262.697, 807.186], [262.684, 807.88], [262.672, 808.574], [262.663, 809.269], [262.657, 809.964], [262.655, 810.661], [262.657, 811.359], [262.665, 812.059], [262.68, 812.76], [291.732, 815.678]]",actual,4.3121,0.00297,0.037914,0.00051467,50.0,04,,,
L0062,30039,30040,66,59.976,False,"[[384.72, 455.88], [436.44, 459.84], [440.16, 452.64]]",actual,5.9976,0.004131,0.052734,0.00071584,50.0,04,,,
L0063,30039,30094,66,30.761,False,"[[374.76, 437.52], [369.12, 443.52], [371.76, 454.68], [372.209, 454.684], [372.691, 454.697], [373.202, 454.716], [373.738, 454.742], [374.295, 454.774], [374.87, 454.81], [375.46, 454.849], [376.061, 454.891], [376.669, 454.935], [377.28, 454.98], [377.891, 455.025], [378.499, 455.069], [379.1, 455.111], [379.69, 455.15], [380.265, 455.186], [380.822, 455.218], [381.358, 455.244], [381.869, 455.263], [382.351, 455.276], [382.8, 455.28]]",actual,3.0761,0.002119,0.027047,0.00036715,50.0,04,,,
L0064,30040,30080,66,43.807,False,"[[441.0, 452.52], [444.84, 461.28], [455.52, 461.52], [463.44, 472.08], [473.28, 468.84]]",actual,4.3807,0.003017,0.038517,0.00052286,50.0,04,,,
L0065,30040,30142,66,42.531,False,"[[451.68, 426.24], [451.68, 442.44], [441.6, 442.44], [441.6, 446.04], [437.52, 447.0], [441.6, 449.64], [441.6, 453.24]]",actual,4.2531,0.002929,0.037395,0.00050763,50.0,04,,,
L0066,30041,30143,66,43.863,False,"[[393.48, 424.44], [393.682, 424.511], [394.059, 424.646], [394.591, 424.84], [395.26, 425.083], [396.045, 425.37], [396.927, 425.693], [397.887, 426.044], [398.906, 426.418], [399.963, 426.805], [401.04, 427.2], [402.117, 427.595], [403.174, 427.982], [404.193, 428.356], [405.153, 428.707], [406.035, 429.03], [406.82, 429.317], [407.489, 429.56], [408.021, 429.754], [408.398, 429.889], [408.6, 429.96], [408.276, 431.295], [407.952, 432.634], [407.628, 433.978], [407.304, 435.325], [406.98, 436.676], [406.656, 438.03], [406.332, 439.385], [406.008, 440.743], [405.684, 442.101], [405.36, 443.46], [405.036, 444.819], [404.712, 446.177], [404.388, 447.535], [404.064, 448.89], [403.74, 450.244], [403.416, 451.595], [403.092, 452.942], [402.768, 454.286], [402.444, 455.625], [402.12, 456.96]]",actual,4.3863,0.003021,0.038566,0.00052352,50.0,04,,,
482D,30042,30139,66,124.421,False,"[[297.48, 630.6], [312.24, 632.64], [328.8, 635.16], [340.32, 639.12], [367.8, 658.68], [386.4, 676.8], [393.0, 678.12], [401.4, 689.52]]",actual,12.4421,0.008569,0.109397,0.00148502,50.0,04,,,
L0067,30042,30206,66,51.688,False,"[[294.6, 630.72], [277.68, 679.56]]",actual,5.1688,0.00356,0.045447,0.00061692,50.0,04,,,
L0068,30042,30212,66,25.393,False,"[[295.68, 631.92], [293.76, 657.24]]",actual,2.5393,0.001749,0.022327,0.00030308,50.0,04,,,
L0069,30042,30225,66,28.25,False,"[[295.32, 631.2], [312.0, 654.0]]",actual,2.825,0.001946,0.024839,0.00033718,50.0,04,,,
L0070,30043,30044,66,122.02,False,"[[703.2, 199.44], [708.96, 206.88], [686.52, 221.76], [656.04, 234.12], [650.28, 244.8], [631.44, 247.32], [631.243, 247.986], [631.047, 248.652], [630.854, 249.318], [630.661, 249.984], [630.471, 250.65], [630.281, 251.316], [630.093, 251.982], [629.906, 252.648], [629.72, 253.314], [629.535, 253.98], [629.351, 254.646], [629.168, 255.312], [628.985, 255.978], [628.803, 256.644], [628.622, 257.31], [628.441, 257.976], [628.26, 258.642], [628.08, 259.308], [627.9, 259.974], [627.72, 260.64], [622.56, 266.52]]",actual,12.202,0.008404,0.107286,0.00145636,50.0,04,,,
L0071,30043,30065,66,56.743,False,"[[729.72, 173.64], [735.84, 181.68], [721.56, 189.72], [715.68, 202.08], [711.12, 205.44], [710.75, 204.899], [710.394, 204.391], [710.052, 203.912], [709.72, 203.458], [709.399, 203.025], [709.085, 202.61], [708.778, 202.21], [708.476, 201.821], [708.177, 201.439], [707.88, 201.06], [707.583, 200.681], [707.284, 200.299], [706.982, 199.91], [706.675, 199.51], [706.361, 199.095], [706.04, 198.662], [705.708, 198.208], [705.366, 197.729], [705.01, 197.221], [704.64, 196.68]]",actual,5.6743,0.003908,0.049891,0.00067725,50.0,04,,,
L0072,30044,30045,66,38.485,False,"[[622.56, 266.52], [633.12, 267.84], [637.44, 265.8], [660.0, 270.6]]",actual,3.8485,0.00265,0.033838,0.00045934,50.0,04,,,
L0073,30045,30046,66,58.338,False,"[[660.0, 270.6], [667.08, 282.12], [670.68, 297.0], [680.64, 308.64], [682.68, 322.68]]",actual,5.8338,0.004018,0.051294,0.00069629,50.0,04,,,
L0074,30048,30049,66,46.83,False,"[[280.56, 364.8], [289.8, 364.8], [304.8, 369.48], [309.84, 357.24], [301.2, 357.24]]",actual,4.683,0.003225,0.041175,0.00055894,50.0,04,,,
L0075,30050,30051,66,13.576,False,"[[478.56, 285.72], [476.64, 299.16]]",actual,1.3576,0.000935,0.011937,0.00016204,50.0,04,,,
L0076,30053,30054,66,35.283,False,"[[537.96, 367.92], [573.24, 368.4]]",actual,3.5283,0.00243,0.031022,0.00042112,50.0,04,,,
L0077,30055,30056,66,21.36,False,"[[723.84, 139.56], [724.182, 139.56], [724.525, 139.56], [724.87, 139.56], [725.217, 139.56], [725.567, 139.56], [725.921, 139.56], [726.28, 139.56], [726.645, 139.56], [727.016, 139.56], [727.395, 139.56], [727.782, 139.56], [728.177, 139.56], [728.583, 139.56], [728.998, 139.56], [729.426, 139.56], [729.865, 139.56], [730.317, 139.56], [730.783, 139.56], [731.264, 139.56], [731.76, 139.56], [732.296, 139.56], [732.891, 139.56], [733.538, 139.56], [734.229, 139.56], [734.957, 139.56], [735.714, 139.56], [736.493, 139.56], [737.286, 139.56], [738.086, 139.56], [738.885, 139.56], [739.676, 139.56], [740.452, 139.56], [741.204, 139.56], [741.927, 139.56], [742.611, 139.56], [743.249, 139.56], [743.835, 139.56], [744.36, 139.56], [744.818, 139.56], [745.2, 139.56]]",actual,2.136,0.001471,0.018781,0.00025494,50.0,04,,,
L0078,30055,30065,66,55.826,False,"[[722.28, 142.32], [736.8, 142.32], [739.56, 159.24], [734.16, 173.28], [725.04, 173.28]]",actual,5.5826,0.003845,0.049085,0.00066631,50.0,04,,,
L0079,30055,30247,66,10.452,False,"[[724.92, 152.76], [727.2, 142.56]]",actual,1.0452,0.00072,0.00919,0.00012475,50.0,04,,,
L0080,30056,30064,66,48.474,False,"[[747.12, 98.04], [751.56, 94.92], [751.92, 119.04], [747.84, 137.52]]",actual,4.8474,0.003338,0.042621,0.00057856,50.0,04,,,
433B,30057,30110,66,25.769,False,"[[305.64, 1067.281], [309.96, 1076.401], [324.96, 1071.841]]",actual,2.5769,0.001775,0.022657,0.00030756,50.0,04,,,
424L,30057,30110,66,11.625,False,"[[309.0, 1065.841], [320.52, 1064.281]]",actual,1.1625,0.000801,0.010221,0.00013875,50.0,04,,,
456C,30058,30149,66,39.419,False,"[[376.8, 826.08], [386.76, 849.0], [391.2, 852.0], [393.96, 860.64]]",actual,3.9419,0.002715,0.034659,0.00047048,50.0,04,,,
431B,30059,30060,66,87.503,False,"[[313.8, 905.76], [322.68, 927.6], [321.96, 933.72], [312.84, 938.88], [310.56, 945.0], [307.92, 958.921], [307.92, 980.161], [313.2, 981.001]]",actual,8.7503,0.006026,0.076937,0.00104439,50.0,04,,,
L0081,30059,30074,66,145.149,False,"[[316.2, 905.76], [327.96, 931.2], [339.84, 932.04], [348.12, 956.161], [360.0, 956.521], [360.039, 957.356], [360.085, 958.238], [360.137, 959.162], [360.194, 960.123], [360.255, 961.115], [360.32, 962.133], [360.387, 963.171], [360.457, 964.226], [360.528, 965.291], [360.6, 966.361], [360.672, 967.431], [360.743, 968.496], [360.813, 969.55], [360.88, 970.589], [360.945, 971.607], [361.006, 972.599], [361.063, 973.56], [361.115, 974.484], [361.161, 975.366], [361.2, 976.201], [367.8, 1000.321], [380.28, 1019.761]]",actual,14.5149,0.009996,0.127622,0.00173242,50.0,04,,,
L0082,30059,30122,66,15.706,False,"[[308.64, 902.16], [312.12, 897.48], [321.6, 894.72]]",actual,1.5706,0.001082,0.013809,0.00018746,50.0,04,,,
L0083,30061,30062,66,11.542,False,"[[147.36, 991.441], [146.64, 1002.961]]",actual,1.1542,0.000795,0.010148,0.00013776,50.0,04,,,
L0084,30063,30064,66,59.269,False,"[[747.12, 37.8], [751.2, 91.32], [746.64, 94.56]]",actual,5.9269,0.004082,0.052112,0.0007074,50.0,04,,,
L0085,30066,30089,66,110.342,False,"[[557.4, 425.88], [549.36, 426.0], [548.76, 439.92], [543.24, 477.12], [545.64, 481.68], [545.587, 483.965], [545.535, 486.249], [545.486, 488.531], [545.437, 490.812], [545.391, 493.091], [545.345, 495.37], [545.301, 497.648], [545.258, 499.926], [545.216, 502.203], [545.175, 504.48], [545.135, 506.757], [545.096, 509.034], [545.057, 511.312], [545.019, 513.59], [544.982, 515.869], [544.945, 518.149], [544.908, 520.429], [544.872, 522.711], [544.836, 524.995], [544.8, 527.28]]",actual,11.0342,0.007599,0.097018,0.00131698,50.0,04,,,
L0086,30067,30068,66,89.928,False,"[[280.56, 311.76], [279.48, 323.04], [281.16, 335.88], [279.48, 343.92], [281.16, 349.56], [279.84, 380.04], [272.4, 399.72]]",actual,8.9928,0.006193,0.079069,0.00107333,50.0,04,,,
L0087,30067,30101,66,67.851,False,"[[223.08, 296.16], [254.76, 294.84], [268.56, 299.64], [278.28, 299.4], [278.334, 299.994], [278.388, 300.588], [278.442, 301.182], [278.496, 301.775], [278.55, 302.368], [278.604, 302.961], [278.658, 303.553], [278.712, 304.144], [278.766, 304.735], [278.82, 305.325], [278.874, 305.914], [278.928, 306.502], [278.982, 307.089], [279.036, 307.675], [279.09, 308.259], [279.144, 308.843], [279.198, 309.424], [279.252, 310.005], [279.306, 310.583], [279.36, 311.16]]",actual,6.7851,0.004673,0.059658,0.00080983,50.0,04,,,
L0088,30068,30094,66,118.697,False,"[[273.24, 399.72], [306.12, 436.2], [317.64, 430.56], [336.6, 437.4], [373.08, 434.4]]",actual,11.8697,0.008175,0.104364,0.0014167,50.0,04,,,
L0089,30068,30095,66,174.517,False,"[[272.4, 400.2], [309.0, 410.04], [345.72, 395.04], [374.52, 386.88], [379.08, 378.72], [397.8, 370.92], [414.96, 359.16], [425.76, 357.6], [424.44, 352.08]]",actual,17.4517,0.012019,0.153444,0.00208294,50.0,04,,,
L0090,30068,30096,66,69.205,False,"[[273.24, 405.36], [303.36, 438.12], [282.48, 451.32]]",actual,6.9205,0.004766,0.060848,0.00082599,50.0,04,,,
L0091,30068,30123,66,65.013,False,"[[274.44, 398.52], [252.48, 433.08], [237.84, 433.08], [229.8, 438.0]]",actual,6.5013,0.004477,0.057162,0.00077596,50.0,04,,,
4707,30069,30151,66,53.602,False,"[[176.76, 680.16], [179.28, 685.2], [195.84, 693.12], [210.84, 694.68], [217.44, 695.04], [217.44, 702.96]]",actual,5.3602,0.003692,0.047129,0.00063976,50.0,04,,,
L0092,30069,30316,33,26.88,False,"[[215.16, 724.2], [219.24, 724.2], [219.24, 701.4]]",actual,2.688,0.013995,0.096264,8.782e-05,20.0,04,,,
L0093,30070,30071,66,59.609,False,"[[352.08, 857.64], [360.24, 861.48], [377.28, 878.88], [381.36, 874.08], [384.84, 879.84], [397.44, 875.88]]",actual,5.9609,0.004105,0.052411,0.00071146,50.0,04,,,
L0094,30070,30072,66,33.421,False,"[[345.84, 865.2], [348.48, 874.68], [361.8, 883.32], [369.12, 880.92]]",actual,3.3421,0.002302,0.029385,0.00039889,50.0,04,,,
421F,30071,30160,66,13.745,False,"[[385.44, 879.48], [389.28, 884.76], [396.48, 885.24]]",actual,1.3745,0.000947,0.012085,0.00016405,50.0,04,,,
424F,30074,30097,66,83.562,False,"[[360.36, 949.92], [367.2, 950.16], [368.76, 955.921], [364.32, 956.161], [365.88, 975.841], [372.0, 999.241], [383.88, 1018.201]]",actual,8.3562,0.005755,0.073472,0.00099735,50.0,04,,,
L0095,30075,30076,66,144.956,False,"[[174.12, 986.281], [174.12, 1000.561], [164.52, 1006.561], [164.52, 1041.001], [170.88, 1051.441], [138.12, 1068.001], [130.68, 1085.161], [130.68, 1102.441]]",actual,14.4956,0.009983,0.127452,0.00173011,50.0,04,,,
432G,30075,30077,66,74.173,False,"[[102.6, 985.561], [126.6, 994.921], [149.88, 991.801], [164.64, 986.161], [173.76, 985.921]]",actual,7.4173,0.005108,0.065216,0.00088529,50.0,04,,,
4303,30075,30084,66,45.51,False,"[[196.68, 949.08], [174.48, 973.201], [174.466, 973.923], [174.461, 974.617], [174.463, 975.284], [174.471, 975.929], [174.486, 976.555], [174.505, 977.166], [174.528, 977.764], [174.555, 978.352], [174.584, 978.935], [174.615, 979.516], [174.647, 980.097], [174.679, 980.683], [174.71, 981.277], [174.74, 981.881], [174.767, 982.499], [174.791, 983.135], [174.811, 983.792], [174.827, 984.473], [174.837, 985.182], [174.84, 985.921]]",actual,4.551,0.003134,0.040015,0.00054318,50.0,04,,,
4304,30077,30315,33,32.867,False,"[[98.04, 958.201], [100.32, 976.441], [105.12, 980.881], [100.2, 987.121]]",actual,3.2867,0.017113,0.117706,0.00010738,20.0,04,,,
425N,30078,30079,66,47.056,False,"[[160.8, 830.16], [172.68, 852.96], [186.72, 869.04]]",actual,4.7056,0.003241,0.041374,0.00056163,50.0,04,,,
4508,30078,30082,66,79.75,False,"[[217.68, 829.32], [212.76, 822.48], [205.8, 822.48], [205.08, 819.72], [200.16, 819.72], [198.72, 816.24], [186.12, 814.2], [179.76, 819.72], [177.0, 825.24], [170.64, 825.24], [170.64, 833.4], [160.8, 828.6]]",actual,7.975,0.005492,0.07012,0.00095185,50.0,04,,,
L0096,30080,30081,66,76.297,False,"[[474.48, 471.12], [451.92, 490.32], [455.4, 503.16], [460.8, 511.08], [468.36, 509.04], [471.6, 515.04], [470.04, 524.04]]",actual,7.6297,0.005255,0.067084,0.00091064,50.0,04,,,
L0097,30081,30133,66,80.836,False,"[[473.76, 524.52], [475.56, 515.04], [483.48, 524.76], [485.16, 535.2], [493.68, 533.04], [503.16, 532.8], [513.84, 528.96], [531.72, 533.52]]",actual,8.0836,0.005567,0.071075,0.00096481,50.0,04,,,
4305,30084,30100,66,16.284,False,"[[176.64, 951.481], [186.0, 951.601], [192.24, 954.601]]",actual,1.6284,0.001121,0.014318,0.00019436,50.0,04,,,
L0098,30084,30182,66,17.025,False,"[[210.24, 936.0], [223.2, 947.04]]",actual,1.7025,0.001173,0.014969,0.0002032,50.0,04,,,
431D,30084,30183,66,16.418,False,"[[185.88, 938.88], [191.52, 939.0], [199.2, 946.56]]",actual,1.6418,0.001131,0.014435,0.00019596,50.0,04,,,
L0099,30085,30086,66,46.32,False,"[[334.92, 555.96], [332.16, 564.6], [328.44, 568.92], [328.402, 569.313], [328.361, 569.699], [328.317, 570.079], [328.271, 570.454], [328.222, 570.825], [328.172, 571.192], [328.12, 571.557], [328.068, 571.919], [328.014, 572.28], [327.96, 572.64], [327.906, 573.0], [327.852, 573.361], [327.8, 573.723], [327.748, 574.088], [327.697, 574.455], [327.649, 574.826], [327.603, 575.201], [327.559, 575.581], [327.518, 575.967], [327.48, 576.36], [311.04, 571.68], [304.56, 574.2]]",actual,4.632,0.00319,0.040727,0.00055285,50.0,04,,,
L0100,30085,30088,66,22.18,False,"[[334.92, 555.12], [341.88, 551.4], [356.16, 550.92]]",actual,2.218,0.001528,0.019502,0.00026473,50.0,04,,,
493B,30086,30087,66,44.609,False,"[[305.64, 577.2], [311.04, 575.52], [325.92, 579.6], [323.16, 592.2], [318.36, 601.68]]",actual,4.4609,0.003072,0.039222,0.00053243,50.0,04,,,
L0101,30088,30109,66,41.691,False,"[[372.84, 554.16], [392.64, 553.44], [397.8, 556.8], [397.8, 572.52]]",actual,4.1691,0.002871,0.036657,0.0004976,50.0,04,,,
L0102,30088,30187,66,12.0,False,"[[373.08, 556.44], [376.44, 567.96]]",actual,1.2,0.000826,0.010551,0.00014323,50.0,04,,,
L0103,30088,30296,66,26.474,False,"[[387.36, 553.44], [387.36, 553.313], [387.36, 553.185], [387.36, 553.055], [387.36, 552.924], [387.36, 552.791], [387.36, 552.658], [387.36, 552.524], [387.36, 552.39], [387.36, 552.255], [387.36, 552.12], [387.36, 551.985], [387.36, 551.85], [387.36, 551.716], [387.36, 551.582], [387.36, 551.449], [387.36, 551.316], [387.36, 551.185], [387.36, 551.055], [387.36, 550.927], [387.36, 550.8], [395.52, 550.56], [403.08, 554.64], [410.16, 554.64]]",actual,2.6474,0.001823,0.023277,0.00031598,50.0,04,,,
L0104,30089,30090,66,70.19,False,"[[545.52, 527.28], [560.52, 530.52], [585.0, 543.0], [600.0, 552.96], [600.329, 552.961], [600.703, 552.963], [601.115, 552.967], [601.561, 552.973], [602.036, 552.979], [602.536, 552.986], [603.055, 552.994], [603.588, 553.002], [604.132, 553.011], [604.68, 553.02], [605.228, 553.029], [605.772, 553.038], [606.305, 553.046], [606.824, 553.054], [607.324, 553.061], [607.799, 553.068], [608.245, 553.073], [608.657, 553.077], [609.03, 553.079], [609.36, 553.08]]",actual,7.019,0.004834,0.061714,0.00083775,50.0,04,,,
L0105,30089,30091,66,78.792,False,"[[543.96, 527.28], [582.84, 546.72], [597.72, 555.24], [606.0, 561.48], [611.64, 566.88]]",actual,7.8792,0.005426,0.069278,0.00094042,50.0,04,,,
L0106,30089,30104,66,79.403,False,"[[545.04, 528.12], [576.48, 514.56], [596.16, 517.44], [618.0, 530.16]]",actual,7.9403,0.005469,0.069815,0.00094771,50.0,04,,,
L0107,30092,30093,66,46.641,False,"[[278.28, 299.16], [275.88, 296.04], [278.28, 276.84], [280.2, 272.76], [282.0, 264.12], [285.24, 261.0], [285.257, 260.713], [285.273, 260.427], [285.286, 260.144], [285.299, 259.861], [285.309, 259.581], [285.319, 259.301], [285.327, 259.023], [285.334, 258.746], [285.34, 258.47], [285.345, 258.195], [285.349, 257.921], [285.352, 257.648], [285.355, 257.375], [285.357, 257.103], [285.358, 256.832], [285.359, 256.561], [285.36, 256.29], [285.36, 256.02], [285.36, 255.75], [285.36, 255.48]]",actual,4.6641,0.003212,0.041009,0.00055668,50.0,04,,,
L0108,30092,30131,66,76.856,False,"[[318.0, 246.84], [320.52, 252.0], [312.72, 264.84], [280.68, 277.2], [280.585, 278.28], [280.48, 279.36], [280.366, 280.44], [280.245, 281.52], [280.117, 282.6], [279.984, 283.68], [279.847, 284.76], [279.707, 285.84], [279.564, 286.92], [279.42, 288.0], [279.276, 289.08], [279.133, 290.16], [278.993, 291.24], [278.856, 292.32], [278.722, 293.4], [278.595, 294.48], [278.474, 295.56], [278.36, 296.64], [278.255, 297.72], [278.16, 298.8]]",actual,7.6856,0.005293,0.067575,0.00091731,50.0,04,,,
L0109,30093,30312,33,40.816,False,"[[282.36, 255.0], [276.96, 255.0], [274.56, 247.08], [274.56, 246.361], [274.56, 245.644], [274.56, 244.928], [274.56, 244.213], [274.56, 243.501], [274.56, 242.789], [274.56, 242.079], [274.56, 241.37], [274.56, 240.662], [274.56, 239.955], [274.56, 239.249], [274.56, 238.544], [274.56, 237.839], [274.56, 237.135], [274.56, 236.432], [274.56, 235.729], [274.56, 235.026], [274.56, 234.324], [274.56, 233.622], [274.56, 232.92], [263.76, 225.72]]",actual,4.0816,0.021251,0.146173,0.00013335,20.0,04,,,
L0110,30095,30128,66,15.24,False,"[[425.76, 345.0], [441.0, 345.0]]",actual,1.524,0.00105,0.0134,0.0001819,50.0,04,,,
432B,30098,30099,66,19.374,False,"[[230.16, 957.241], [221.64, 974.641]]",actual,1.9374,0.001334,0.017035,0.00023124,50.0,04,,,
L0111,30102,30103,66,71.78,False,"[[634.08, 544.68], [678.48, 540.84], [694.56, 551.52], [701.88, 548.52]]",actual,7.178,0.004944,0.063112,0.00085673,50.0,04,,,
L0112,30102,30104,66,23.318,False,"[[618.0, 530.16], [634.8, 541.8], [634.8, 544.68]]",actual,2.3318,0.001606,0.020502,0.00027831,50.0,04,,,
L0113,30102,30146,66,18.048,False,"[[634.92, 543.96], [632.88, 550.08], [634.92, 553.92], [632.52, 560.76]]",actual,1.8048,0.001243,0.015869,0.00021541,50.0,04,,,
L0114,30103,30162,66,120.189,False,"[[702.24, 547.8], [709.68, 580.8], [717.84, 588.72], [726.0, 604.44], [726.72, 613.08], [737.64, 624.84], [738.36, 639.0], [744.48, 645.36], [748.56, 654.0]]",actual,12.0189,0.008277,0.105676,0.00143451,50.0,04,,,
L0115,30104,30161,66,13.339,False,"[[615.84, 514.56], [613.92, 527.76]]",actual,1.3339,0.000919,0.011728,0.00015921,50.0,04,,,
481C,30105,30106,66,24.216,False,"[[439.08, 625.44], [448.68, 638.16], [456.96, 638.16]]",actual,2.4216,0.001668,0.021292,0.00028903,50.0,04,,,
L0116,30107,30108,66,38.902,False,"[[437.88, 597.48], [440.28, 586.56], [444.96, 588.48], [443.76, 602.4], [450.84, 607.44]]",actual,3.8902,0.002679,0.034204,0.00046431,50.0,04,,,
L0117,30112,30113,66,19.299,False,"[[297.48, 912.36], [304.44, 912.36], [306.0, 924.6]]",actual,1.9299,0.001329,0.016969,0.00023034,50.0,04,,,
L0118,30114,30115,66,69.123,False,"[[546.36, 481.92], [615.48, 481.32]]",actual,6.9123,0.004761,0.060776,0.00082501,50.0,04,,,
L0119,30115,30132,66,68.259,False,"[[617.76, 485.16], [617.76, 492.6], [631.56, 491.64], [631.596, 491.226], [631.632, 490.812], [631.668, 490.398], [631.704, 489.984], [631.74, 489.57], [631.776, 489.156], [631.812, 488.742], [631.848, 488.328], [631.884, 487.914], [631.92, 487.5], [631.956, 487.086], [631.992, 486.672], [632.028, 486.258], [632.064, 485.844], [632.1, 485.43], [632.136, 485.016], [632.172, 484.602], [632.208, 484.188], [632.244, 483.774], [632.28, 483.36], [642.48, 476.88], [651.12, 479.64], [662.64, 466.44]]",actual,6.8259,0.004701,0.060017,0.0008147,50.0,04,,,
L0120,30116,30117,66,31.872,False,"[[354.24, 358.8], [358.32, 364.32], [364.56, 360.84], [374.04, 363.48], [381.48, 366.48]]",actual,3.1872,0.002195,0.028023,0.00038041,50.0,04,,,
L0121,30116,30243,66,14.758,False,"[[363.84, 348.96], [357.24, 362.16]]",actual,1.4758,0.001016,0.012976,0.00017614,50.0,04,,,
L0122,30117,30118,66,16.093,False,"[[381.48, 366.48], [396.84, 371.28]]",actual,1.6093,0.001108,0.01415,0.00019208,50.0,04,,,
L0123,30119,30120,66,97.43,False,"[[385.8, 217.8], [384.36, 234.36], [388.2, 236.04], [389.64, 247.2], [387.36, 251.52], [387.36, 257.64], [385.92, 262.8], [392.76, 275.64], [402.6, 287.76], [402.875, 288.136], [403.226, 288.644], [403.644, 289.269], [404.122, 289.995], [404.649, 290.809], [405.219, 291.696], [405.822, 292.641], [406.45, 293.629], [407.093, 294.647], [407.745, 295.68], [408.396, 296.713], [409.037, 297.731], [409.66, 298.719], [410.257, 299.665], [410.818, 300.551], [411.336, 301.365], [411.802, 302.092], [412.207, 302.716], [412.542, 303.224], [412.8, 303.6]]",actual,9.743,0.00671,0.085665,0.00116287,50.0,04,,,
L0124,30119,30311,33,114.4,False,"[[308.64, 166.56], [308.64, 177.12], [329.64, 181.68], [349.92, 193.8], [354.24, 213.6], [375.72, 227.04], [385.8, 218.64]]",actual,11.44,0.059564,0.409697,0.00037374,20.0,04,,,
L0125,30121,30131,66,76.44,False,"[[318.84, 247.56], [320.88, 246.0], [323.52, 250.68], [342.12, 243.6], [369.36, 246.72], [387.36, 257.88]]",actual,7.644,0.005264,0.06721,0.00091235,50.0,04,,,
L0126,30123,30124,66,12.36,False,"[[229.8, 438.0], [217.44, 438.0]]",actual,1.236,0.000851,0.010867,0.00014752,50.0,04,,,
L0127,30124,30295,66,13.679,False,"[[219.12, 439.44], [217.32, 453.0]]",actual,1.3679,0.000942,0.012027,0.00016326,50.0,04,,,
L0128,30124,30313,33,38.07,False,"[[183.84, 444.84], [183.966, 444.552], [184.092, 444.264], [184.218, 443.976], [184.345, 443.689], [184.472, 443.402], [184.599, 443.115], [184.727, 442.829], [184.856, 442.544], [184.985, 442.259], [185.115, 441.975], [185.246, 441.692], [185.378, 441.41], [185.511, 441.129], [185.645, 440.849], [185.781, 440.571], [185.917, 440.293], [186.056, 440.018], [186.195, 439.743], [186.337, 439.471], [186.48, 439.2], [190.32, 438.72], [210.72, 444.0], [216.0, 439.56]]",actual,3.807,0.019822,0.136339,0.00012437,20.0,04,,,
424J,30125,30126,66,14.64,False,"[[364.08, 925.8], [357.24, 925.8], [357.24, 933.6]]",actual,1.464,0.001008,0.012872,0.00017473,50.0,04,,,
L0129,30129,30130,66,35.037,False,"[[200.04, 253.2], [202.32, 258.24], [205.2, 255.24], [208.68, 254.88], [211.8, 257.4], [216.0, 255.48], [221.28, 255.96], [221.76, 258.12], [227.04, 260.28]]",actual,3.5037,0.002413,0.030806,0.00041818,50.0,04,,,
L0130,30134,30135,66,13.732,False,"[[479.16, 545.76], [480.24, 536.76], [484.68, 535.32]]",actual,1.3732,0.000946,0.012074,0.0001639,50.0,04,,,
L0131,30136,30137,66,22.461,False,"[[504.72, 564.72], [515.76, 584.28]]",actual,2.2461,0.001547,0.019749,0.00026808,50.0,04,,,
495B,30140,30141,66,21.72,False,"[[387.96, 616.32], [387.96, 628.44], [378.36, 628.44]]",actual,2.172,0.001496,0.019097,0.00025924,50.0,04,,,
L0132,30144,30145,66,33.735,False,"[[348.6, 462.24], [353.52, 460.56], [356.76, 465.36], [365.64, 467.04], [370.44, 479.88]]",actual,3.3735,0.002323,0.029661,0.00040264,50.0,04,,,
L0133,30147,30148,66,13.576,False,"[[647.04, 543.24], [648.96, 556.68]]",actual,1.3576,0.000935,0.011937,0.00016204,50.0,04,,,
L0134,30149,30150,66,15.031,False,"[[362.28, 837.12], [372.48, 848.16]]",actual,1.5031,0.001035,0.013216,0.0001794,50.0,04,,,
L0135,30155,30156,66,22.318,False,"[[491.16, 304.44], [475.56, 320.4]]",actual,2.2318,0.001537,0.019623,0.00026638,50.0,04,,,
L0136,30158,30159,66,70.234,False,"[[421.8, 332.4], [441.6, 332.4], [448.2, 338.16], [456.84, 348.84], [461.88, 355.2], [469.8, 358.92], [474.24, 359.88], [470.4, 365.16]]",actual,7.0234,0.004837,0.061753,0.00083827,50.0,04,,,
L0137,30163,30164,66,29.637,False,"[[711.72, 582.96], [716.52, 576.24], [716.631, 576.166], [716.919, 576.021], [717.369, 575.811], [717.969, 575.542], [718.702, 575.22], [719.557, 574.851], [720.518, 574.442], [721.571, 573.997], [722.704, 573.525], [723.9, 573.03], [725.147, 572.519], [726.43, 571.998], [727.736, 571.473], [729.049, 570.95], [730.357, 570.435], [731.646, 569.935], [732.9, 569.455], [734.107, 569.002], [735.251, 568.581], [736.32, 568.2]]",actual,2.9637,0.002041,0.026058,0.00035373,50.0,04,,,
L0138,30165,30166,66,12.245,False,"[[738.96, 635.64], [751.2, 636.0]]",actual,1.2245,0.000843,0.010766,0.00014615,50.0,04,,,
L0139,30167,30168,66,10.845,False,"[[632.16, 491.28], [642.0, 495.84]]",actual,1.0845,0.000747,0.009535,0.00012944,50.0,04,,,
L0140,30170,30171,66,12.24,False,"[[406.8, 246.84], [406.8, 259.08]]",actual,1.224,0.000843,0.010762,0.00014609,50.0,04,,,
L0141,30173,30174,66,10.003,False,"[[348.48, 493.08], [338.64, 491.28]]",actual,1.0003,0.000689,0.008795,0.00011939,50.0,04,,,
L0142,30175,30176,66,12.96,False,"[[330.96, 565.2], [318.0, 565.2]]",actual,1.296,0.000893,0.011395,0.00015468,50.0,04,,,
423D,30177,30178,66,23.64,False,"[[370.2, 991.921], [393.84, 991.921]]",actual,2.364,0.001628,0.020785,0.00028215,50.0,04,,,
L0143,30179,30180,66,44.101,False,"[[263.16, 920.88], [257.04, 916.8], [249.36, 916.92], [243.96, 921.48], [243.613, 921.341], [243.055, 921.112], [242.31, 920.802], [241.402, 920.421], [240.352, 919.98], [239.186, 919.488], [237.927, 918.957], [236.597, 918.395], [235.22, 917.812], [233.82, 917.22], [232.42, 916.628], [231.043, 916.045], [229.713, 915.483], [228.454, 914.952], [227.287, 914.46], [226.238, 914.019], [225.33, 913.638], [224.585, 913.328], [224.027, 913.099], [223.68, 912.96]]",actual,4.4101,0.003037,0.038776,0.00052636,50.0,04,,,
432E,30184,30185,66,11.283,False,"[[168.6, 963.481], [178.92, 968.041]]",actual,1.1283,0.000777,0.009921,0.00013467,50.0,04,,,
432P,30188,30193,66,25.724,False,"[[112.56, 989.161], [101.04, 999.121], [105.0, 1008.841]]",actual,2.5724,0.001772,0.022618,0.00030703,50.0,04,,,
482L,30190,30191,66,10.393,False,"[[450.84, 580.2], [444.72, 588.6]]",actual,1.0393,0.000716,0.009138,0.00012405,50.0,04,,,
L0144,30197,30198,66,11.17,False,"[[366.6, 539.16], [377.76, 539.64]]",actual,1.117,0.000769,0.009821,0.00013332,50.0,04,,,
L0145,30203,30204,66,19.193,False,"[[331.8, 795.0], [325.8, 802.8], [330.96, 810.6]]",actual,1.9193,0.001322,0.016875,0.00022908,50.0,04,,,
L0146,30203,30215,66,10.833,False,"[[318.96, 794.04], [329.76, 793.2]]",actual,1.0833,0.000746,0.009525,0.0001293,50.0,04,,,
L0147,30204,30207,66,20.868,False,"[[321.6, 824.04], [321.6, 818.76], [330.48, 819.48], [336.84, 817.44]]",actual,2.0868,0.001437,0.018348,0.00024907,50.0,04,,,
L0148,30204,30224,66,13.35,False,"[[336.84, 817.92], [338.64, 825.24], [338.721, 825.451], [338.786, 825.686], [338.837, 825.943], [338.874, 826.219], [338.901, 826.511], [338.918, 826.817], [338.927, 827.133], [338.93, 827.458], [338.929, 827.787], [338.925, 828.12], [338.92, 828.453], [338.916, 828.782], [338.915, 829.107], [338.918, 829.423], [338.927, 829.729], [338.943, 830.021], [338.969, 830.297], [339.006, 830.554], [339.056, 830.789], [339.12, 831.0]]",actual,1.335,0.000919,0.011738,0.00015934,50.0,04,,,
L0149,30205,30210,66,33.953,False,"[[442.44, 711.96], [441.48, 720.6], [426.36, 721.92], [426.12, 732.0]]",actual,3.3953,0.002338,0.029853,0.00040524,50.0,04,,,
421A,30207,30330,66,34.714,False,"[[291.732, 815.678], [317.64, 818.28], [317.748, 818.617], [317.856, 818.979], [317.964, 819.362], [318.072, 819.764], [318.18, 820.183], [318.288, 820.616], [318.396, 821.06], [318.504, 821.513], [318.612, 821.972], [318.72, 822.435], [318.828, 822.899], [318.936, 823.36], [319.044, 823.818], [319.152, 824.268], [319.26, 824.709], [319.368, 825.138], [319.476, 825.552], [319.584, 825.949], [319.692, 826.326], [319.8, 826.68]]",actual,3.4714,0.002391,0.030522,0.00041433,50.0,04,,,
L0150,30208,30210,66,30.12,False,"[[438.84, 681.0], [438.84, 695.04], [440.76, 695.04], [440.76, 709.2]]",actual,3.012,0.002074,0.026483,0.0003595,50.0,04,,,
L0151,30208,30210,66,29.171,False,"[[433.08, 686.64], [433.08, 697.44], [436.08, 697.44], [437.28, 706.68], [441.12, 711.36]]",actual,2.9171,0.002009,0.025649,0.00034817,50.0,04,,,
L0152,30209,30210,66,47.052,False,"[[457.32, 665.64], [446.64, 675.0], [442.92, 707.64]]",actual,4.7052,0.00324,0.04137,0.00056159,50.0,04,,,
L0153,30210,30220,66,22.116,False,"[[441.12, 710.4], [449.04, 713.52], [449.064, 713.664], [449.1, 713.808], [449.145, 713.952], [449.199, 714.096], [449.261, 714.24], [449.329, 714.384], [449.403, 714.528], [449.48, 714.672], [449.559, 714.816], [449.64, 714.96], [449.721, 715.104], [449.8, 715.248], [449.877, 715.392], [449.951, 715.536], [450.019, 715.68], [450.081, 715.824], [450.135, 715.968], [450.18, 716.112], [450.216, 716.256], [450.24, 716.4], [453.84, 716.4], [459.36, 712.32]]",actual,2.2116,0.001523,0.019445,0.00026396,50.0,04,,,
481D,30210,30221,66,32.577,False,"[[444.84, 709.92], [451.56, 690.12], [458.16, 689.52], [458.16, 689.772], [458.16, 690.024], [458.16, 690.276], [458.16, 690.528], [458.16, 690.78], [458.16, 691.032], [458.16, 691.284], [458.16, 691.536], [458.16, 691.788], [458.16, 692.04], [458.16, 692.292], [458.16, 692.544], [458.16, 692.796], [458.16, 693.048], [458.16, 693.3], [458.16, 693.552], [458.16, 693.804], [458.16, 694.056], [458.16, 694.308], [458.16, 694.56]]",actual,3.2577,0.002244,0.028643,0.00038882,50.0,04,,,
484A,30210,30305,66,17.057,False,"[[442.8, 711.48], [446.16, 716.52], [446.181, 716.681], [446.209, 716.875], [446.243, 717.097], [446.282, 717.345], [446.325, 717.613], [446.372, 717.899], [446.421, 718.199], [446.473, 718.509], [446.526, 718.826], [446.58, 719.145], [446.634, 719.463], [446.687, 719.777], [446.739, 720.083], [446.788, 720.376], [446.835, 720.654], [446.878, 720.913], [446.917, 721.149], [446.951, 721.357], [446.979, 721.536], [447.0, 721.68], [452.76, 722.04]]",actual,1.7057,0.001175,0.014997,0.00020358,50.0,04,,,
L0154,30212,30219,66,11.695,False,"[[293.76, 658.44], [291.96, 661.2], [291.96, 669.6]]",actual,1.1695,0.000805,0.010283,0.00013958,50.0,04,,,
L0155,30213,30216,66,17.18,False,"[[376.92, 771.72], [376.08, 768.36], [370.56, 761.52], [370.562, 761.268], [370.567, 761.016], [370.575, 760.764], [370.585, 760.513], [370.597, 760.262], [370.612, 760.011], [370.628, 759.761], [370.644, 759.512], [370.662, 759.263], [370.68, 759.015], [370.698, 758.768], [370.716, 758.522], [370.732, 758.277], [370.748, 758.033], [370.762, 757.791], [370.775, 757.549], [370.785, 757.31], [370.793, 757.071], [370.798, 756.835], [370.8, 756.6]]",actual,1.718,0.001183,0.015105,0.00020505,50.0,04,,,
L0156,30216,30222,66,30.135,False,"[[426.6, 762.0], [396.48, 761.04]]",actual,3.0135,0.002075,0.026496,0.00035967,50.0,04,,,
482M,30216,30227,66,11.588,False,"[[372.84, 717.72], [384.0, 714.6]]",actual,1.1588,0.000798,0.010189,0.00013831,50.0,04,,,
442B,30216,30229,66,35.319,False,"[[395.4, 742.08], [397.56, 747.48], [396.84, 761.52], [393.84, 769.32], [400.08, 772.68]]",actual,3.5319,0.002432,0.031054,0.00042155,50.0,04,,,
L0157,30217,30218,66,10.047,False,"[[296.04, 792.6], [306.0, 791.28]]",actual,1.0047,0.000692,0.008834,0.00011992,50.0,04,,,
L0158,30225,30226,66,26.598,False,"[[312.0, 654.0], [334.44, 668.28]]",actual,2.6598,0.001832,0.023386,0.00031746,50.0,04,,,
L0159,30226,30228,66,28.036,False,"[[334.2, 668.28], [361.92, 672.48]]",actual,2.8036,0.001931,0.024651,0.00033462,50.0,04,,,
L0160,30227,30228,66,48.417,False,"[[361.8, 672.48], [384.36, 715.32]]",actual,4.8417,0.003335,0.042571,0.00057788,50.0,04,,,
L0161,30230,30231,66,12.229,False,"[[267.84, 756.24], [276.12, 765.24]]",actual,1.2229,0.000842,0.010752,0.00014596,50.0,04,,,
L0162,30232,30238,66,14.083,False,"[[291.6, 692.04], [283.2, 692.88], [279.72, 697.32]]",actual,1.4083,0.00097,0.012382,0.00016809,50.0,04,,,
L0163,30232,30238,66,14.691,False,"[[291.96, 693.12], [285.48, 694.8], [284.28, 698.4], [280.08, 698.52]]",actual,1.4691,0.001012,0.012917,0.00017534,50.0,04,,,
L0164,30233,30234,66,28.793,False,"[[281.52, 745.32], [308.4, 735.0]]",actual,2.8793,0.001983,0.025316,0.00034366,50.0,04,,,
L0165,30234,30309,66,29.988,False,"[[298.68, 727.92], [326.88, 717.72]]",actual,2.9988,0.002065,0.026367,0.00035792,50.0,04,,,
L0166,30239,30240,66,10.736,False,"[[252.12, 719.4], [257.16, 709.92]]",actual,1.0736,0.000739,0.00944,0.00012814,50.0,04,,,
L0167,30245,30246,66,13.193,False,"[[362.16, 427.92], [355.44, 429.72], [354.24, 435.84]]",actual,1.3193,0.000909,0.0116,0.00015746,50.0,04,,,
4705,30248,30249,66,66.163,False,"[[525.72, 719.4], [557.28, 727.8], [562.44, 748.8], [574.32, 748.8]]",actual,6.6163,0.004557,0.058174,0.00078968,50.0,04,,,
L0168,30249,30282,66,65.47,False,"[[571.92, 748.32], [600.84, 748.92], [635.52, 737.4]]",actual,6.547,0.004509,0.057564,0.00078141,50.0,04,,,
453A,30250,30251,66,23.996,False,"[[643.08, 835.68], [635.52, 845.4], [642.0, 855.12]]",actual,2.3996,0.001653,0.021098,0.0002864,50.0,04,,,
L0169,30250,30257,66,14.561,False,"[[627.6, 835.08], [642.0, 832.92]]",actual,1.4561,0.001003,0.012803,0.00017379,50.0,04,,,
494C,30252,30253,66,53.357,False,"[[596.28, 637.44], [582.12, 685.44], [580.44, 685.92], [582.0, 685.8]]",actual,5.3357,0.003675,0.046914,0.00063684,50.0,04,,,
411D,30252,30254,66,22.503,False,"[[598.44, 642.6], [596.76, 665.04]]",actual,2.2503,0.00155,0.019786,0.00026858,50.0,04,,,
494A,30252,30272,66,30.653,False,"[[598.92, 638.64], [615.84, 664.2]]",actual,3.0653,0.002111,0.026952,0.00036586,50.0,04,,,
492A,30254,30265,66,17.067,False,"[[596.76, 666.24], [591.12, 669.72], [591.12, 680.16]]",actual,1.7067,0.001175,0.015006,0.0002037,50.0,04,,,
463B,30258,30259,66,39.063,False,"[[724.2, 769.08], [705.12, 766.44], [705.12, 776.28], [705.0, 786.24]]",actual,3.9063,0.00269,0.034346,0.00046623,50.0,04,,,
L0170,30259,30276,66,39.723,False,"[[724.56, 806.88], [719.88, 803.64], [725.04, 792.6], [724.2, 784.92], [726.48, 778.56], [724.08, 771.6]]",actual,3.9723,0.002736,0.034926,0.00047411,50.0,04,,,
462B,30260,30261,66,12.349,False,"[[703.68, 754.56], [703.691, 755.003], [703.724, 755.499], [703.775, 756.043], [703.842, 756.628], [703.924, 757.249], [704.017, 757.899], [704.12, 758.574], [704.229, 759.266], [704.343, 759.97], [704.46, 760.68], [704.577, 761.39], [704.691, 762.094], [704.8, 762.786], [704.903, 763.461], [704.996, 764.111], [705.078, 764.732], [705.145, 765.317], [705.196, 765.861], [705.229, 766.357], [705.24, 766.8]]",actual,1.2349,0.00085,0.010858,0.00014739,50.0,04,,,
L0171,30260,30261,66,17.16,False,"[[711.72, 750.12], [711.72, 750.66], [711.72, 751.3], [711.72, 752.03], [711.72, 752.838], [711.72, 753.712], [711.72, 754.643], [711.72, 755.618], [711.72, 756.627], [711.72, 757.658], [711.72, 758.7], [711.72, 759.742], [711.72, 760.773], [711.72, 761.782], [711.72, 762.757], [711.72, 763.688], [711.72, 764.562], [711.72, 765.37], [711.72, 766.1], [711.72, 766.74], [711.72, 767.28]]",actual,1.716,0.001182,0.015088,0.00020481,50.0,04,,,
L0172,30261,30262,66,15.112,False,"[[721.32, 754.56], [713.16, 767.28]]",actual,1.5112,0.001041,0.013287,0.00018037,50.0,04,,,
453D,30263,30264,66,12.709,False,"[[599.16, 833.4], [611.64, 831.0]]",actual,1.2709,0.000875,0.011174,0.00015169,50.0,04,,,
471A,30266,30267,66,10.451,False,"[[697.08, 716.52], [688.44, 722.4]]",actual,1.0451,0.00072,0.009189,0.00012474,50.0,04,,,
L0173,30268,30274,66,14.641,False,"[[694.08, 739.92], [708.24, 736.2]]",actual,1.4641,0.001008,0.012873,0.00017475,50.0,04,,,
442D,30269,30270,66,28.2,False,"[[752.76, 793.92], [751.017, 793.904], [749.378, 793.891], [747.834, 793.881], [746.371, 793.874], [744.979, 793.869], [743.645, 793.867], [742.358, 793.867], [741.106, 793.868], [739.877, 793.871], [738.66, 793.875], [737.443, 793.88], [736.214, 793.885], [734.962, 793.891], [733.675, 793.897], [732.341, 793.903], [730.949, 793.909], [729.486, 793.913], [727.942, 793.917], [726.303, 793.919], [724.56, 793.92]]",actual,2.82,0.001942,0.024795,0.00033658,50.0,04,,,
491B,30272,30273,66,34.294,False,"[[615.48, 663.84], [646.32, 678.84]]",actual,3.4294,0.002362,0.030153,0.00040931,50.0,04,,,
491C,30273,30275,66,35.47,False,"[[645.96, 678.84], [681.12, 683.52]]",actual,3.547,0.002443,0.031187,0.00042335,50.0,04,,,
491E,30274,30275,66,59.361,False,"[[680.88, 683.52], [708.24, 736.2]]",actual,5.9361,0.004088,0.052193,0.0007085,50.0,04,,,
L0174,30278,30279,66,27.574,False,"[[583.92, 769.68], [590.28, 766.08], [610.08, 761.76]]",actual,2.7574,0.001899,0.024244,0.00032911,50.0,04,,,
L0175,30279,30281,66,11.286,False,"[[605.76, 751.08], [612.24, 760.32]]",actual,1.1286,0.000777,0.009923,0.0001347,50.0,04,,,
471B,30281,30282,66,33.68,False,"[[601.8, 752.4], [633.36, 740.64]]",actual,3.368,0.00232,0.029613,0.00040199,50.0,04,,,
472A,30282,30292,66,19.92,False,"[[613.44, 736.56], [633.36, 736.68]]",actual,1.992,0.001372,0.017515,0.00023775,50.0,04,,,
473C,30289,30290,66,10.817,False,"[[552.84, 742.68], [558.84, 733.68]]",actual,1.0817,0.000745,0.009511,0.00012911,50.0,04,,,
425F,30293,30294,66,13.681,False,"[[233.76, 835.68], [230.64, 822.36]]",actual,1.3681,0.000942,0.012029,0.00016329,50.0,04,,,
L0176,30299,30300,66,13.594,False,"[[274.44, 1063.441], [288.0, 1062.481]]",actual,1.3594,0.000936,0.011952,0.00016225,50.0,04,,,
L0177,30301,30302,66,31.19,False,"[[513.0, 315.12], [500.28, 327.36], [502.08, 332.04], [510.6, 332.28]]",actual,3.119,0.002148,0.027424,0.00037227,50.0,04,,,
L0178,30303,30304,66,22.56,False,"[[492.24, 1011.841], [514.8, 1011.841]]",actual,2.256,0.001554,0.019836,0.00026926,50.0,04,,,
L0179,30306,30307,66,15.36,False,"[[148.44, 1025.401], [163.8, 1025.281]]",actual,1.536,0.001058,0.013505,0.00018333,50.0,04,,,
L0180,30308,30309,66,20.756,False,"[[306.96, 716.16], [327.48, 713.04]]",actual,2.0756,0.001429,0.01825,0.00024773,50.0,04,,,
L0181,30310,30316,33,70.152,False,"[[213.12, 727.56], [219.48, 727.8], [219.481, 728.232], [219.483, 728.664], [219.487, 729.096], [219.492, 729.528], [219.499, 729.96], [219.506, 730.392], [219.514, 730.824], [219.522, 731.256], [219.531, 731.688], [219.54, 732.12], [219.549, 732.552], [219.558, 732.984], [219.566, 733.416], [219.574, 733.848], [219.581, 734.28], [219.588, 734.712], [219.593, 735.144], [219.597, 735.576], [219.599, 736.008], [219.6, 736.44], [215.16, 749.04], [215.177, 750.369], [215.193, 751.659], [215.207, 752.915], [215.22, 754.14], [215.231, 755.338], [215.242, 756.515], [215.252, 757.673], [215.262, 758.819], [215.271, 759.954], [215.28, 761.085], [215.289, 762.215], [215.298, 763.348], [215.308, 764.489], [215.318, 765.641], [215.329, 766.809], [215.34, 767.998], [215.353, 769.211], [215.367, 770.453], [215.383, 771.728], [215.4, 773.04], [221.4, 778.44], [217.44, 783.96], [217.92, 786.84]]",actual,7.0152,0.036525,0.251233,0.00022919,20.0,04,,,
425P,30317,30318,33,21.6,False,"[[266.76, 808.08], [279.36, 808.08], [279.36, 799.08]]",actual,2.16,0.011246,0.077355,7.057e-05,20.0,04,,,
412B,30319,30320,33,10.921,False,"[[718.56, 413.88], [707.64, 414.0]]",actual,1.0921,0.005686,0.039111,3.568e-05,20.0,04,,,
L0182,30319,30323,33,72.271,False,"[[743.76, 363.6], [730.44, 366.84], [730.44, 413.76], [718.8, 414.0]]",actual,7.2271,0.037629,0.258822,0.00023611,20.0,04,,,
L0183,30319,30323,33,78.425,False,"[[743.88, 364.56], [733.08, 368.4], [732.84, 421.68], [719.16, 421.92]]",actual,7.8425,0.040833,0.280861,0.00025621,20.0,04,,,
468B,30319,30324,33,22.085,False,"[[735.0, 428.52], [718.32, 428.52], [718.56, 423.12]]",actual,2.2085,0.011499,0.079092,7.215e-05,20.0,04,,,
466A,30320,30323,33,74.025,False,"[[741.84, 362.76], [728.16, 364.44], [727.92, 403.8], [707.04, 404.04]]",actual,7.4025,0.038542,0.265103,0.00024184,20.0,04,,,
414B,30321,30322,33,29.288,False,"[[705.96, 361.68], [702.96, 368.88], [702.84, 381.24], [708.6, 388.32]]",actual,2.9288,0.015249,0.104888,9.568e-05,20.0,04,,,
414E,30321,30322,33,23.281,False,"[[707.64, 361.44], [718.08, 361.56], [718.2, 374.4]]",actual,2.3281,0.012122,0.083375,7.606e-05,20.0,04,,,
L0184,30321,30323,33,50.4,False,"[[743.52, 361.92], [725.52, 361.92], [725.4, 378.36], [709.44, 378.36]]",actual,5.04,0.026241,0.180496,0.00016466,20.0,04,,,
414F,30321,30323,33,35.641,False,"[[743.76, 360.24], [720.84, 360.36], [720.72, 373.08]]",actual,3.5641,0.018557,0.12764,0.00011644,20.0,04,,,
413D,30323,30324,33,67.622,False,"[[745.44, 364.8], [735.84, 371.28], [735.84, 427.32]]",actual,6.7622,0.035208,0.242172,0.00022092,20.0,04,,,
468C,30323,30325,33,81.135,False,"[[745.8, 365.04], [741.12, 372.48], [741.12, 428.52], [753.12, 439.56]]",actual,8.1135,0.042244,0.290566,0.00026507,20.0,04,,,
L0185,30324,30325,33,23.403,False,"[[752.64, 438.96], [729.36, 436.56]]",actual,2.3403,0.012185,0.083812,7.646e-05,20.0,04,,,
468A,30324,30325,33,26.851,False,"[[754.2, 441.24], [733.2, 441.36], [730.68, 446.64]]",actual,2.6851,0.01398,0.096161,8.772e-05,20.0,04,,,
467A,30325,30327,33,39.034,False,"[[769.08, 407.76], [769.078, 408.376], [769.073, 409.201], [769.065, 410.212], [769.055, 411.386], [769.042, 412.699], [769.028, 414.128], [769.012, 415.649], [768.995, 417.241], [768.978, 418.879], [768.96, 420.54], [768.942, 422.201], [768.924, 423.839], [768.908, 425.431], [768.892, 426.952], [768.877, 428.381], [768.865, 429.694], [768.855, 430.868], [768.847, 431.879], [768.842, 432.704], [768.84, 433.32], [756.12, 437.76]]",actual,3.9034,0.020323,0.139791,0.00012752,20.0,04,,,
467D,30325,30326,33,38.459,False,"[[783.12, 421.32], [783.12, 421.807], [783.12, 422.295], [783.12, 422.786], [783.12, 423.277], [783.12, 423.771], [783.12, 424.265], [783.12, 424.761], [783.12, 425.258], [783.12, 425.756], [783.12, 426.255], [783.12, 426.755], [783.12, 427.256], [783.12, 427.757], [783.12, 428.259], [783.12, 428.762], [783.12, 429.265], [783.12, 429.768], [783.12, 430.272], [783.12, 430.776], [783.12, 431.28], [756.12, 440.4]]",actual,3.8459,0.020024,0.137732,0.00012565,20.0,04,,,
467B,30326,30327,33,12.106,False,"[[770.64, 407.4], [782.16, 411.12]]",actual,1.2106,0.006303,0.043355,3.955e-05,20.0,04,,,
L0186,30331,30332,66,10.2,False,"[[493.56, 958.441], [503.76, 958.441]]",actual,1.02,0.000702,0.008968,0.00012174,50.0,04,,,
L0187,30332,30333,66,12.48,False,"[[503.76, 958.441], [516.24, 958.441]]",actual,1.248,0.00086,0.010973,0.00014895,50.0,04,,,
L0188,30332,30334,66,24.96,False,"[[503.76, 958.441], [503.76, 983.401]]",actual,2.496,0.001719,0.021946,0.00029791,50.0,04,,,
G0189,30338,30158,66,12.53,False,,provisional,1.253,0.000863,0.011017,0.00014955,50.0,04,,,
G0190,30339,30105,66,8.17,False,,provisional,0.817,0.000563,0.007183,9.751e-05,50.0,04,,,
G0191,30340,30194,66,3.35,False,,provisional,0.335,0.000231,0.002945,3.998e-05,50.0,04,,,
G0192,30341,30131,66,13.3,False,,provisional,1.33,0.000916,0.011694,0.00015874,50.0,04,,,
G0193,30342,30028,66,13.65,False,,provisional,1.365,0.00094,0.012002,0.00016292,50.0,04,,,
B0194,30298,30157,66,26.928,False,,provisional,2.6928,0.001855,0.023676,0.0003214,50.0,04,,,
B0195,30128,30118,66,49.863,False,,provisional,4.9863,0.003434,0.043842,0.00059514,50.0,04,,,
B0196,30133,30342,66,56.524,False,,provisional,5.6524,0.003893,0.049699,0.00067464,50.0,04,,,
B0197,30060,30031,66,24.882,False,,provisional,2.4882,0.001714,0.021877,0.00029698,50.0,04,,,
B0198,30160,30058,66,26.7,False,,provisional,2.67,0.001839,0.023476,0.00031868,50.0,04,,,
B0199,30209,30106,66,27.482,False,,provisional,2.7482,0.001893,0.024163,0.00032801,50.0,04,,,
B0200,30052,30159,66,32.006,False,,provisional,3.2006,0.002204,0.028141,0.00038201,50.0,04,,,
B0201,30338,30120,66,30.66,False,,provisional,3.066,0.002112,0.026958,0.00036594,50.0,04,,,
B0202,30090,30010,66,22.607,False,,provisional,2.2607,0.001557,0.019877,0.00026982,50.0,04,,,
B0203,30100,30061,66,49.539,False,,provisional,4.9539,0.003412,0.043557,0.00059127,50.0,04,,,
B0204,30182,30098,66,12.349,False,,bridge,1.2349,0.00085,0.010858,0.00014739,50.0,04,,,
B0205,30339,30108,66,32.765,False,,provisional,3.2765,0.002257,0.028809,0.00039106,50.0,04,,,
B0206,30073,30125,66,16.427,False,,bridge,1.6427,0.001131,0.014443,0.00019606,50.0,04,,,
B0207,30101,30130,66,36.098,False,,provisional,3.6098,0.002486,0.031739,0.00043085,50.0,04,,,
B0208,30138,30134,66,56.037,False,,provisional,5.6037,0.003859,0.04927,0.00066883,50.0,04,,,
B0209,30135,30136,66,35.58,False,,provisional,3.558,0.00245,0.031284,0.00042466,50.0,04,,,
B0210,30200,30145,66,20.794,False,,bridge,2.0794,0.001432,0.018283,0.00024819,50.0,04,,,
B0211,30146,30148,66,16.939,False,,bridge,1.6939,0.001167,0.014894,0.00020217,50.0,04,,,
B0212,30162,30166,66,18.193,False,,bridge,1.8193,0.001253,0.015996,0.00021714,50.0,04,,,
B0213,30165,30163,66,59.306,False,,provisional,5.9306,0.004084,0.052145,0.00070784,50.0,04,,,
B0214,30161,30167,66,28.431,False,,provisional,2.8431,0.001958,0.024998,0.00033934,50.0,04,,,
B0215,30168,30132,66,35.922,False,,provisional,3.5922,0.002474,0.031584,0.00042874,50.0,04,,,
B0216,30242,30173,66,17.509,False,,bridge,1.7509,0.001206,0.015395,0.00020898,50.0,04,,,
B0217,30087,30176,66,36.482,False,,provisional,3.6482,0.002513,0.032077,0.00043543,50.0,04,,,
B0218,30097,30177,66,43.138,False,,provisional,4.3138,0.002971,0.037929,0.00051487,50.0,04,,,
B0219,30183,30180,66,45.833,False,,provisional,4.5833,0.003157,0.040299,0.00054704,50.0,04,,,
B0220,30029,30185,66,27.432,False,,provisional,2.7432,0.001889,0.02412,0.00032741,50.0,04,,,
B0221,30062,30188,66,34.064,False,,provisional,3.4064,0.002346,0.029951,0.00040657,50.0,04,,,
B0222,30107,30191,66,11.209,False,,bridge,1.1209,0.000772,0.009855,0.00013378,50.0,04,,,
B0223,30187,30198,66,28.351,False,,provisional,2.8351,0.001953,0.024928,0.00033838,50.0,04,,,
B0224,30215,30218,66,13.251,False,,bridge,1.3251,0.000913,0.011651,0.00015816,50.0,04,,,
B0225,30233,30230,66,17.504,False,,bridge,1.7504,0.001206,0.01539,0.00020892,50.0,04,,,
B0226,30238,30240,66,25.712,False,,provisional,2.5712,0.001771,0.022607,0.00030688,50.0,04,,,
B0227,30144,30246,66,26.996,False,,provisional,2.6996,0.001859,0.023736,0.00032221,50.0,04,,,
B0228,30082,30294,66,14.711,False,,bridge,1.4711,0.001013,0.012935,0.00017558,50.0,04,,,
B0229,30110,30300,66,35.185,False,,provisional,3.5185,0.002423,0.030936,0.00041995,50.0,04,,,
B0230,30193,30306,66,46.489,False,,provisional,4.6489,0.003202,0.040875,0.00055487,50.0,04,,,
B0231,30217,30318,66,17.894,False,,bridge,1.7894,0.001232,0.015733,0.00021357,50.0,04,,,
B0232,30179,30111,66,37.799,False,,provisional,3.7799,0.002603,0.033235,0.00045115,50.0,04,,,
B0233,30154,30127,66,13.956,False,,bridge,1.3956,0.000961,0.012271,0.00016657,50.0,04,,,
B0234,30036,30152,66,19.332,False,,bridge,1.9332,0.001331,0.016998,0.00023074,50.0,04,,,
B0235,30127,30153,66,38.078,False,,provisional,3.8078,0.002622,0.03348,0.00045448,50.0,04,,,
B0236,30111,30181,66,26.706,False,,provisional,2.6706,0.001839,0.023481,0.00031875,50.0,04,,,
B0237,30244,30186,66,28.044,False,,provisional,2.8044,0.001931,0.024658,0.00033472,50.0,04,,,
B0238,30151,30189,66,11.165,False,,bridge,1.1165,0.000769,0.009817,0.00013326,50.0,04,,,
B0239,30047,30192,66,45.971,False,,provisional,4.5971,0.003166,0.04042,0.00054868,50.0,04,,,
B0240,30037,30196,66,41.671,False,,provisional,4.1671,0.00287,0.036639,0.00049736,50.0,04,,,
B0241,30192,30201,66,59.612,False,,provisional,5.9612,0.004106,0.052414,0.0007115,50.0,04,,,
B0242,30114,30202,66,26.357,False,,provisional,2.6357,0.001815,0.023174,0.00031458,50.0,04,,,
B0243,30305,30211,66,43.972,False,,provisional,4.3972,0.003028,0.038662,0.00052483,50.0,04,,,
B0244,30214,30223,66,31.14,False,,provisional,3.114,0.002145,0.02738,0.00037167,50.0,04,,,
B0245,30231,30241,66,22.835,False,,provisional,2.2835,0.001573,0.020078,0.00027255,50.0,04,,,
B0246,30297,30314,66,53.496,False,,provisional,5.3496,0.003684,0.047036,0.0006385,50.0,04,,,
B0247,30202,30329,66,30.709,False,,provisional,3.0709,0.002115,0.027001,0.00036653,50.0,04,,,
B0248,30129,30336,66,46.192,False,,provisional,4.6192,0.003181,0.040614,0.00055132,50.0,04,,,
B0249,30336,30312,66,47.236,False,,provisional,4.7236,0.003253,0.041532,0.00056378,50.0,04,,,
B0250,30018,30050,66,35.327,False,,provisional,3.5327,0.002433,0.031061,0.00042164,50.0,04,,,
B0251,30051,30155,66,15.45,False,,bridge,1.545,0.001064,0.013584,0.0001844,50.0,04,,,
B0252,30156,30302,66,36.999,False,,provisional,3.6999,0.002548,0.032531,0.0004416,50.0,04,,,
B0253,30301,30053,66,58.402,False,,provisional,5.8402,0.004022,0.05135,0.00069705,50.0,04,,,
B0254,30054,30083,66,47.843,False,,provisional,4.7843,0.003295,0.042066,0.00057103,50.0,04,,,
I0255,30220,30248,66,66.737,False,,inset_provisional,6.6737,0.004596,0.058678,0.00079654,50.0,04,,,
I0256,30201,30247,66,80.389,False,,inset_provisional,8.0389,0.005536,0.070682,0.00095948,50.0,04,,,
I0257,30046,30322,66,45.754,False,,inset_provisional,4.5754,0.003151,0.040229,0.00054609,50.0,04,,,
I0258,30178,30331,66,105.19,False,,inset_provisional,10.519,0.007244,0.092488,0.00125549,50.0,04,,,
I0259,30256,30251,66,34.153,False,,inset_provisional,3.4153,0.002352,0.030029,0.00040763,50.0,04,,,
I0260,30258,30262,66,34.706,False,,inset_provisional,3.4706,0.00239,0.030515,0.00041423,50.0,04,,,
I0261,30243,30049,66,63.185,False,,inset_provisional,6.3185,0.004352,0.055555,0.00075414,50.0,04,,,
I0262,30341,30170,66,96.394,False,,inset_provisional,9.6394,0.006639,0.084754,0.0011505,50.0,04,,,
I0263,30257,30264,66,16.473,False,,inset_provisional,1.6473,0.001135,0.014484,0.00019661,50.0,04,,,
I0264,30260,30267,66,31.864,False,,inset_provisional,3.1864,0.002194,0.028016,0.00038031,50.0,04,,,
I0265,30283,30270,66,76.519,False,,inset_provisional,7.6519,0.00527,0.067279,0.00091329,50.0,04,,,
I0266,30286,30290,66,28.129,False,,inset_provisional,2.8129,0.001937,0.024732,0.00033573,50.0,04,,,
I0267,30334,30304,66,30.508,False,,inset_provisional,3.0508,0.002101,0.026824,0.00036413,50.0,04,,,
I0268,30171,30169,66,65.754,False,,inset_provisional,6.5754,0.004529,0.057814,0.0007848,50.0,04,,,
I0269,30048,30172,66,25.381,False,,inset_provisional,2.5381,0.001748,0.022316,0.00030293,50.0,04,,,
I0270,30169,30199,66,71.917,False,,inset_provisional,7.1917,0.004953,0.063233,0.00085836,50.0,04,,,
I0271,30269,30255,66,57.53,False,,inset_provisional,5.753,0.003962,0.050583,0.00068665,50.0,04,,,
I0272,30255,30271,66,25.559,False,,inset_provisional,2.5559,0.00176,0.022473,0.00030506,50.0,04,,,
I0273,30278,30277,66,32.246,False,,inset_provisional,3.2246,0.002221,0.028352,0.00038487,50.0,04,,,
I0274,30292,30288,66,32.635,False,,inset_provisional,3.2635,0.002248,0.028694,0.00038951,50.0,04,,,
I0275,30277,30291,66,30.036,False,,inset_provisional,3.0036,0.002069,0.026409,0.00035849,50.0,04,,,
I0276,30303,30335,66,28.051,False,,inset_provisional,2.8051,0.001932,0.024664,0.0003348,50.0,04,,,
I0277,30335,30337,66,37.452,False,,inset_provisional,3.7452,0.002579,0.03293,0.00044701,50.0,04,,,
XFRM9000,30343,30139,66,0.0,,,transformer,0.0,0.005,0.1,0.0,80.0,04,True,,
XFRM9001,30344,30124,66,0.0,,,transformer,0.0,0.005,0.1,0.0,80.0,04,True,,
XFRM9002,30345,30119,66,0.0,,,transformer,0.0,0.005,0.1,0.0,80.0,04,True,,
L0001,40000,40001,66,40.117,False,"[[231.72, 908.52], [225.96, 920.88], [219.48, 931.44], [220.68, 945.48]]",actual,5.6164,0.003868,0.049382,0.00067034,50.0,05,,,
L0002,40000,40092,66,56.015,False,"[[227.04, 865.2], [223.8, 878.64], [232.08, 900.72], [232.8, 908.28], [221.88, 906.84]]",actual,7.8421,0.005401,0.068951,0.00093599,50.0,05,,,
544C,40002,40003,66,167.524,False,"[[644.64, 641.4], [659.28, 625.2], [668.76, 624.36], [690.48, 632.28], [698.88, 645.6], [696.6, 665.52], [697.08, 682.8], [678.72, 715.2], [681.48, 737.76]]",actual,23.4534,0.016152,0.206213,0.00279926,50.0,05,,,
L0003,40002,40068,66,46.761,False,"[[609.0, 620.64], [642.84, 631.68], [642.854, 632.238], [642.859, 632.796], [642.858, 633.354], [642.85, 633.912], [642.836, 634.47], [642.818, 635.028], [642.797, 635.586], [642.773, 636.144], [642.747, 636.702], [642.72, 637.26], [642.693, 637.818], [642.667, 638.376], [642.643, 638.934], [642.622, 639.492], [642.604, 640.05], [642.59, 640.608], [642.582, 641.166], [642.581, 641.724], [642.586, 642.282], [642.6, 642.84]]",actual,6.5465,0.004509,0.05756,0.00078136,50.0,05,,,
L0004,40002,40101,66,10.083,False,"[[648.6, 624.24], [642.36, 632.16]]",actual,1.4116,0.000972,0.012412,0.00016848,50.0,05,,,
541A,40003,40004,66,62.063,False,"[[651.0, 684.72], [671.64, 702.96], [676.32, 737.16]]",actual,8.6888,0.005984,0.076396,0.00103705,50.0,05,,,
536C,40003,40028,66,151.733,False,"[[582.36, 718.56], [585.96, 729.72], [585.967, 730.42], [585.952, 731.117], [585.919, 731.811], [585.87, 732.503], [585.806, 733.192], [585.731, 733.88], [585.646, 734.566], [585.555, 735.252], [585.459, 735.936], [585.36, 736.62], [585.261, 737.304], [585.165, 737.988], [585.074, 738.674], [584.989, 739.36], [584.914, 740.047], [584.85, 740.737], [584.801, 741.429], [584.768, 742.123], [584.753, 742.82], [584.76, 743.52], [591.84, 752.4], [595.56, 759.72], [606.84, 762.48], [614.88, 767.64], [629.64, 771.6], [658.32, 768.6], [677.52, 760.56], [677.485, 760.057], [677.451, 759.555], [677.42, 759.055], [677.389, 758.556], [677.361, 758.059], [677.333, 757.562], [677.307, 757.066], [677.282, 756.57], [677.258, 756.075], [677.235, 755.58], [677.213, 755.085], [677.192, 754.59], [677.171, 754.094], [677.151, 753.598], [677.132, 753.101], [677.113, 752.604], [677.094, 752.105], [677.076, 751.605], [677.058, 751.103], [677.04, 750.6], [678.96, 740.28]]",actual,21.2426,0.01463,0.186775,0.0025354,50.0,05,,,
L0005,40003,40017,66,44.058,False,"[[638.76, 723.24], [647.88, 728.28], [664.32, 731.52], [669.84, 737.76], [678.36, 738.48]]",actual,6.1681,0.004248,0.054233,0.00073619,50.0,05,,,
536D,40003,40106,66,28.153,False,"[[651.36, 740.4], [663.96, 740.04], [668.76, 743.52], [678.36, 742.92]]",actual,3.9414,0.002714,0.034655,0.00047043,50.0,05,,,
534D,40004,40107,66,20.054,False,"[[626.64, 683.16], [633.12, 675.24], [641.88, 679.68]]",actual,2.8076,0.001934,0.024685,0.00033509,50.0,05,,,
L0006,40004,40103,66,40.114,False,"[[650.04, 684.72], [641.28, 679.56], [624.6, 694.56], [629.28, 700.44]]",actual,5.616,0.003868,0.049378,0.00067029,50.0,05,,,
L0007,40005,40006,66,81.035,False,"[[439.68, 829.08], [448.08, 837.84], [461.04, 869.04], [466.44, 884.16], [467.292, 884.395], [468.156, 884.666], [469.029, 884.968], [469.911, 885.298], [470.801, 885.651], [471.697, 886.023], [472.599, 886.411], [473.504, 886.81], [474.411, 887.216], [475.32, 887.625], [476.229, 888.033], [477.136, 888.437], [478.041, 888.831], [478.943, 889.213], [479.839, 889.577], [480.729, 889.92], [481.611, 890.238], [482.484, 890.527], [483.348, 890.782], [484.2, 891.0]]",actual,11.3449,0.007813,0.09975,0.00135406,50.0,05,,,
552D,40005,40060,66,87.211,False,"[[360.72, 826.56], [366.48, 826.8], [377.28, 821.52], [384.48, 825.6], [386.64, 832.2], [405.96, 828.72], [413.04, 823.56], [413.536, 823.447], [414.083, 823.291], [414.677, 823.099], [415.31, 822.877], [415.978, 822.632], [416.674, 822.369], [417.393, 822.094], [418.128, 821.815], [418.874, 821.536], [419.625, 821.265], [420.375, 821.007], [421.118, 820.769], [421.849, 820.557], [422.561, 820.377], [423.249, 820.236], [423.907, 820.139], [424.529, 820.092], [425.109, 820.103], [425.641, 820.177], [426.12, 820.32], [426.588, 820.52], [427.09, 820.757], [427.62, 821.026], [428.174, 821.324], [428.749, 821.646], [429.338, 821.986], [429.939, 822.342], [430.546, 822.708], [431.154, 823.081], [431.76, 823.455], [432.359, 823.826], [432.946, 824.191], [433.516, 824.544], [434.066, 824.88], [434.591, 825.197], [435.086, 825.489], [435.547, 825.751], [435.97, 825.98], [436.349, 826.171], [436.68, 826.32]]",actual,12.2095,0.008409,0.107352,0.00145726,50.0,05,,,
L0008,40006,40059,66,55.76,False,"[[484.32, 892.44], [501.96, 897.36], [501.24, 934.8]]",actual,7.8064,0.005376,0.068638,0.00093173,50.0,05,,,
L0009,40006,40008,66,54.924,False,"[[490.44, 851.16], [490.459, 851.448], [490.479, 851.736], [490.502, 852.024], [490.525, 852.312], [490.551, 852.6], [490.577, 852.888], [490.605, 853.176], [490.634, 853.464], [490.664, 853.752], [490.695, 854.04], [490.727, 854.328], [490.76, 854.616], [490.793, 854.904], [490.827, 855.192], [490.862, 855.48], [490.897, 855.768], [490.932, 856.056], [490.968, 856.344], [491.004, 856.632], [491.04, 856.92], [493.44, 865.2], [501.0, 880.08], [501.019, 880.583], [501.039, 881.085], [501.062, 881.585], [501.085, 882.084], [501.111, 882.581], [501.137, 883.078], [501.165, 883.574], [501.194, 884.07], [501.224, 884.565], [501.255, 885.06], [501.287, 885.555], [501.32, 886.05], [501.353, 886.546], [501.387, 887.042], [501.422, 887.539], [501.457, 888.036], [501.492, 888.535], [501.528, 889.035], [501.564, 889.537], [501.6, 890.04], [487.8, 891.12]]",actual,7.6894,0.005296,0.067608,0.00091776,50.0,05,,,
L0010,40006,40010,66,85.248,False,"[[484.44, 891.12], [481.08, 915.24], [480.84, 932.04], [491.04, 950.16], [499.68, 965.281], [504.24, 969.001]]",actual,11.9347,0.00822,0.104936,0.00142446,50.0,05,,,
L0011,40007,40008,66,37.23,False,"[[460.44, 866.52], [469.8, 865.68], [481.32, 862.68], [481.302, 862.338], [481.284, 861.996], [481.266, 861.654], [481.249, 861.312], [481.232, 860.97], [481.215, 860.628], [481.199, 860.286], [481.184, 859.944], [481.169, 859.602], [481.155, 859.26], [481.142, 858.918], [481.13, 858.576], [481.119, 858.234], [481.109, 857.892], [481.101, 857.55], [481.093, 857.208], [481.088, 856.866], [481.083, 856.524], [481.081, 856.182], [481.08, 855.84], [487.68, 849.6]]",actual,5.2122,0.00359,0.045828,0.0006221,50.0,05,,,
551C,40008,40009,66,116.577,False,"[[492.12, 848.28], [492.264, 848.677], [492.408, 849.075], [492.552, 849.475], [492.695, 849.877], [492.838, 850.279], [492.981, 850.682], [493.123, 851.086], [493.264, 851.49], [493.405, 851.895], [493.545, 852.3], [493.684, 852.705], [493.822, 853.11], [493.959, 853.514], [494.095, 853.918], [494.229, 854.321], [494.363, 854.724], [494.494, 855.125], [494.624, 855.525], [494.753, 855.923], [494.88, 856.32], [494.989, 856.554], [495.099, 856.788], [495.211, 857.022], [495.324, 857.255], [495.439, 857.488], [495.554, 857.721], [495.67, 857.953], [495.786, 858.184], [495.903, 858.415], [496.02, 858.645], [496.137, 858.874], [496.254, 859.102], [496.37, 859.329], [496.486, 859.555], [496.601, 859.779], [496.716, 860.003], [496.829, 860.224], [496.941, 860.445], [497.051, 860.663], [497.16, 860.88], [519.12, 850.56], [536.28, 832.32], [548.16, 828.36], [558.96, 818.76], [569.16, 817.2], [580.92, 805.8]]",actual,16.3208,0.01124,0.1435,0.00194796,50.0,05,,,
551D,40009,40056,66,64.829,False,"[[579.36, 805.2], [586.68, 807.84], [597.6, 807.24], [606.72, 810.24], [617.64, 810.36], [629.64, 805.56], [642.12, 803.4]]",actual,9.0761,0.006251,0.079801,0.00108327,50.0,05,,,
L0012,40009,40028,66,84.916,False,"[[578.88, 718.68], [575.4, 729.0], [575.4, 729.504], [575.4, 730.008], [575.4, 730.512], [575.4, 731.016], [575.4, 731.52], [575.4, 732.024], [575.4, 732.528], [575.4, 733.032], [575.4, 733.536], [575.4, 734.04], [575.4, 734.544], [575.4, 735.048], [575.4, 735.552], [575.4, 736.056], [575.4, 736.56], [575.4, 737.064], [575.4, 737.568], [575.4, 738.072], [575.4, 738.576], [575.4, 739.08], [580.68, 767.52], [582.24, 782.88], [582.48, 796.08], [581.16, 802.32]]",actual,11.8882,0.008187,0.104527,0.00141891,50.0,05,,,
L0013,40010,40011,66,77.177,False,"[[507.24, 968.521], [512.16, 972.001], [522.96, 1017.601], [500.04, 1025.641]]",actual,10.8048,0.007441,0.095001,0.0012896,50.0,05,,,
L0014,40010,40011,66,67.104,False,"[[502.2, 967.081], [506.16, 973.441], [515.64, 1014.361], [498.96, 1020.001]]",actual,9.3946,0.00647,0.082601,0.00112128,50.0,05,,,
L0015,40010,40059,66,33.484,False,"[[499.32, 935.28], [505.44, 958.081], [504.6, 967.921]]",actual,4.6878,0.003228,0.041217,0.0005595,50.0,05,,,
L0016,40011,40152,66,59.362,False,"[[479.16, 980.881], [485.4, 993.361], [498.48, 992.521], [494.52, 1008.961], [490.56, 1011.841], [494.52, 1021.561]]",actual,8.3107,0.005724,0.073071,0.00099192,50.0,05,,,
L0017,40012,40013,66,104.67,False,"[[450.12, 570.84], [459.12, 572.4], [461.34, 572.991], [463.941, 573.644], [466.88, 574.351], [470.113, 575.106], [473.599, 575.903], [477.294, 576.733], [481.157, 577.591], [485.144, 578.469], [489.212, 579.361], [493.32, 580.26], [497.424, 581.159], [501.482, 582.051], [505.451, 582.929], [509.288, 583.787], [512.951, 584.618], [516.397, 585.414], [519.584, 586.169], [522.468, 586.876], [525.008, 587.529], [527.16, 588.12], [541.32, 584.88], [541.302, 585.438], [541.284, 585.996], [541.266, 586.554], [541.247, 587.112], [541.228, 587.67], [541.209, 588.228], [541.189, 588.786], [541.168, 589.344], [541.147, 589.902], [541.125, 590.46], [541.102, 591.018], [541.078, 591.576], [541.053, 592.134], [541.027, 592.692], [540.999, 593.25], [540.971, 593.808], [540.94, 594.366], [540.908, 594.924], [540.875, 595.482], [540.84, 596.04]]",actual,14.6538,0.010092,0.128843,0.001749,50.0,05,,,
5205,40012,40045,66,124.333,False,"[[369.12, 487.08], [384.36, 487.08], [388.56, 495.96], [401.16, 508.56], [409.56, 529.32], [419.4, 548.64], [427.8, 555.36], [428.35, 555.72], [429.02, 556.145], [429.797, 556.63], [430.666, 557.165], [431.614, 557.743], [432.628, 558.357], [433.694, 558.999], [434.798, 559.661], [435.928, 560.335], [437.07, 561.015], [438.21, 561.692], [439.334, 562.358], [440.43, 563.007], [441.484, 563.63], [442.481, 564.219], [443.41, 564.768], [444.255, 565.268], [445.004, 565.712], [445.644, 566.092], [446.16, 566.4], [446.205, 566.684], [446.234, 566.959], [446.249, 567.228], [446.25, 567.49], [446.241, 567.746], [446.222, 567.998], [446.195, 568.247], [446.162, 568.493], [446.125, 568.737], [446.085, 568.98], [446.044, 569.223], [446.004, 569.467], [445.967, 569.713], [445.934, 569.962], [445.907, 570.214], [445.887, 570.47], [445.877, 570.732], [445.878, 571.001], [445.892, 571.276], [445.92, 571.56]]",actual,17.4066,0.011988,0.153047,0.00207756,50.0,05,,,
L0018,40013,40029,66,41.751,False,"[[542.04, 598.92], [547.92, 597.12], [548.674, 597.474], [549.526, 597.918], [550.466, 598.442], [551.483, 599.038], [552.566, 599.696], [553.707, 600.408], [554.893, 601.163], [556.116, 601.953], [557.365, 602.768], [558.63, 603.6], [559.9, 604.439], [561.165, 605.276], [562.415, 606.102], [563.64, 606.908], [564.829, 607.684], [565.972, 608.421], [567.059, 609.111], [568.079, 609.743], [569.023, 610.309], [569.88, 610.8], [578.52, 606.36]]",actual,5.8451,0.004026,0.051393,0.00069764,50.0,05,,,
522J,40013,40033,66,93.75,False,"[[584.28, 531.48], [573.96, 528.6], [571.08, 535.2], [569.4, 544.68], [572.16, 559.44], [570.12, 575.64], [549.84, 582.24], [544.32, 594.6]]",actual,13.125,0.009039,0.115401,0.00156653,50.0,05,,,
L0019,40014,40015,66,44.693,False,"[[651.6, 507.6], [633.36, 510.6], [642.72, 535.08]]",actual,6.257,0.004309,0.055015,0.0007468,50.0,05,,,
L0020,40014,40050,66,80.643,False,"[[621.24, 447.48], [629.88, 484.8], [632.76, 504.96], [654.72, 504.24]]",actual,11.29,0.007775,0.099267,0.00134751,50.0,05,,,
L0021,40016,40017,66,19.237,False,"[[617.64, 725.4], [636.84, 724.2]]",actual,2.6932,0.001855,0.02368,0.00032144,50.0,05,,,
L0022,40016,40028,66,33.004,False,"[[582.96, 715.8], [593.64, 721.92], [614.04, 725.4]]",actual,4.6206,0.003182,0.040626,0.00055148,50.0,05,,,
L0023,40016,40134,66,12.998,False,"[[617.4, 712.08], [619.44, 716.52], [615.48, 723.6]]",actual,1.8197,0.001253,0.016,0.00021719,50.0,05,,,
L0024,40018,40019,66,63.425,False,"[[275.16, 375.48], [280.2, 382.32], [316.32, 397.08], [322.8, 392.64], [322.963, 392.279], [323.127, 391.917], [323.293, 391.553], [323.46, 391.188], [323.629, 390.821], [323.798, 390.454], [323.968, 390.086], [324.138, 389.718], [324.309, 389.349], [324.48, 388.98], [324.651, 388.611], [324.822, 388.242], [324.992, 387.874], [325.162, 387.506], [325.331, 387.139], [325.5, 386.772], [325.667, 386.407], [325.833, 386.043], [325.997, 385.681], [326.16, 385.32]]",actual,8.8795,0.006115,0.078073,0.00105981,50.0,05,,,
L0025,40019,40039,66,101.432,False,"[[329.28, 384.6], [339.6, 394.08], [357.24, 388.2], [357.17, 386.27], [357.103, 384.4], [357.039, 382.584], [356.977, 380.815], [356.917, 379.086], [356.86, 377.39], [356.804, 375.722], [356.748, 374.075], [356.694, 372.441], [356.64, 370.815], [356.586, 369.19], [356.532, 367.559], [356.476, 365.916], [356.42, 364.254], [356.362, 362.567], [356.303, 360.848], [356.241, 359.09], [356.177, 357.287], [356.11, 355.433], [356.04, 353.52], [360.72, 350.64], [371.16, 353.64], [371.179, 352.788], [371.199, 351.924], [371.221, 351.051], [371.244, 350.169], [371.269, 349.279], [371.294, 348.383], [371.32, 347.481], [371.346, 346.576], [371.373, 345.669], [371.4, 344.76], [371.427, 343.851], [371.454, 342.944], [371.48, 342.039], [371.506, 341.137], [371.531, 340.241], [371.556, 339.351], [371.579, 338.469], [371.601, 337.596], [371.621, 336.732], [371.64, 335.88]]",actual,14.2005,0.00978,0.124857,0.00169489,50.0,05,,,
592A,40019,40083,66,100.398,False,"[[326.4, 384.84], [337.68, 398.04], [357.12, 392.16], [355.2, 408.12], [349.32, 432.84], [341.04, 452.4]]",actual,14.0557,0.00968,0.123584,0.00167761,50.0,05,,,
L0026,40020,40021,66,45.231,False,"[[307.92, 280.68], [314.04, 279.36], [344.76, 287.16], [347.04, 282.96], [345.6, 280.92]]",actual,6.3323,0.004361,0.055677,0.00075579,50.0,05,,,
573B,40020,40160,66,30.6,False,"[[314.88, 279.84], [310.2, 275.4], [302.04, 277.44], [298.32, 283.2], [289.44, 283.32]]",actual,4.284,0.00295,0.037667,0.00051131,50.0,05,,,
L0027,40021,40161,66,49.906,False,"[[358.08, 278.16], [364.8, 276.24], [365.179, 276.208], [365.493, 276.182], [365.752, 276.162], [365.965, 276.148], [366.142, 276.139], [366.293, 276.134], [366.425, 276.134], [366.549, 276.136], [366.674, 276.142], [366.81, 276.15], [366.965, 276.16], [367.15, 276.171], [367.373, 276.183], [367.644, 276.195], [367.972, 276.206], [368.367, 276.217], [368.838, 276.226], [369.394, 276.234], [370.045, 276.238], [370.8, 276.24], [378.48, 281.4], [396.36, 280.56], [403.32, 273.72]]",actual,6.9868,0.004812,0.061432,0.00083391,50.0,05,,,
L0028,40021,40025,66,22.866,False,"[[353.52, 279.48], [346.08, 280.92], [341.28, 274.56], [342.6, 267.36]]",actual,3.2012,0.002205,0.028147,0.00038208,50.0,05,,,
L0029,40022,40023,66,29.795,False,"[[339.6, 201.84], [339.428, 200.959], [339.236, 200.079], [339.027, 199.201], [338.802, 198.325], [338.565, 197.449], [338.317, 196.574], [338.06, 195.7], [337.797, 194.826], [337.53, 193.953], [337.26, 193.08], [336.99, 192.207], [336.723, 191.334], [336.46, 190.46], [336.203, 189.586], [335.955, 188.711], [335.718, 187.836], [335.493, 186.959], [335.284, 186.081], [335.092, 185.201], [334.92, 184.32], [323.28, 184.8]]",actual,4.1713,0.002873,0.036676,0.00049786,50.0,05,,,
L0030,40022,40023,66,13.22,False,"[[337.08, 193.68], [336.43, 193.724], [335.777, 193.748], [335.121, 193.755], [334.463, 193.746], [333.802, 193.725], [333.14, 193.693], [332.476, 193.652], [331.812, 193.605], [331.146, 193.554], [330.48, 193.5], [329.814, 193.446], [329.148, 193.395], [328.484, 193.348], [327.82, 193.307], [327.157, 193.275], [326.497, 193.254], [325.839, 193.245], [325.183, 193.252], [324.53, 193.276], [323.88, 193.32]]",actual,1.8508,0.001275,0.016273,0.0002209,50.0,05,,,
L0031,40022,40146,66,17.88,False,"[[322.2, 203.28], [340.08, 203.28]]",actual,2.5032,0.001724,0.022009,0.00029877,50.0,05,,,
L0032,40024,40025,66,81.126,False,"[[347.76, 189.72], [340.2, 203.16], [346.68, 218.76], [341.88, 254.76], [345.36, 266.76]]",actual,11.3576,0.007822,0.099862,0.00135558,50.0,05,,,
L0033,40024,40169,66,29.506,False,"[[348.6, 185.4], [352.68, 178.2], [349.68, 165.48], [349.663, 165.067], [349.647, 164.655], [349.634, 164.245], [349.621, 163.836], [349.611, 163.429], [349.601, 163.022], [349.593, 162.616], [349.586, 162.21], [349.58, 161.805], [349.575, 161.4], [349.571, 160.995], [349.568, 160.59], [349.565, 160.184], [349.563, 159.778], [349.562, 159.371], [349.561, 158.964], [349.56, 158.555], [349.56, 158.145], [349.56, 157.733], [349.56, 157.32]]",actual,4.1308,0.002845,0.03632,0.00049303,50.0,05,,,
L0034,40025,40036,66,35.03,False,"[[345.6, 266.76], [348.84, 250.2], [352.2, 241.32], [360.72, 242.88]]",actual,4.9042,0.003378,0.04312,0.00058534,50.0,05,,,
L0035,40025,40037,66,17.936,False,"[[326.76, 270.36], [344.28, 266.52]]",actual,2.511,0.001729,0.022078,0.0002997,50.0,05,,,
L0036,40025,40039,66,73.103,False,"[[348.48, 268.32], [358.32, 282.0], [353.88, 297.0], [354.84, 306.84], [360.96, 324.12], [369.84, 332.76]]",actual,10.2344,0.007048,0.089986,0.00122152,50.0,05,,,
L0037,40026,40027,66,58.058,False,"[[395.16, 342.72], [395.25, 343.35], [395.34, 343.98], [395.43, 344.61], [395.521, 345.239], [395.612, 345.868], [395.703, 346.497], [395.795, 347.125], [395.888, 347.752], [395.981, 348.379], [396.075, 349.005], [396.17, 349.63], [396.266, 350.254], [396.363, 350.877], [396.461, 351.499], [396.561, 352.119], [396.661, 352.739], [396.764, 353.356], [396.867, 353.973], [396.973, 354.587], [397.08, 355.2], [411.72, 377.4], [421.44, 375.24], [430.32, 375.12]]",actual,8.1281,0.005598,0.071466,0.00097013,50.0,05,,,
L0038,40026,40163,66,29.356,False,"[[370.92, 348.24], [383.52, 352.44], [390.48, 352.44], [391.92, 343.44]]",actual,4.1098,0.00283,0.036136,0.00049053,50.0,05,,,
592D,40027,40040,66,45.508,False,"[[430.08, 375.12], [429.72, 393.24], [425.88, 399.96], [425.897, 400.572], [425.913, 401.184], [425.927, 401.796], [425.94, 402.408], [425.951, 403.02], [425.962, 403.632], [425.972, 404.244], [425.982, 404.856], [425.991, 405.468], [426.0, 406.08], [426.009, 406.692], [426.018, 407.304], [426.028, 407.916], [426.038, 408.528], [426.049, 409.14], [426.06, 409.752], [426.073, 410.364], [426.087, 410.976], [426.103, 411.588], [426.12, 412.2], [433.2, 414.36]]",actual,6.3711,0.004388,0.056018,0.00076042,50.0,05,,,
592C,40027,40181,66,51.895,False,"[[438.96, 374.4], [446.52, 373.56], [458.76, 367.92], [482.04, 366.96], [488.497, 363.122]]",actual,7.2653,0.005004,0.06388,0.00086715,50.0,05,,,
L0039,40028,40030,66,86.098,False,"[[506.04, 691.68], [514.92, 697.44], [515.983, 697.808], [517.151, 698.191], [518.416, 698.588], [519.768, 698.997], [521.199, 699.418], [522.701, 699.849], [524.266, 700.29], [525.883, 700.739], [527.546, 701.194], [529.245, 701.655], [530.972, 702.121], [532.718, 702.589], [534.476, 703.06], [536.235, 703.533], [537.988, 704.004], [539.726, 704.475], [541.441, 704.943], [543.124, 705.407], [544.767, 705.867], [546.36, 706.32], [546.594, 706.815], [546.828, 707.328], [547.061, 707.853], [547.294, 708.39], [547.526, 708.934], [547.758, 709.482], [547.988, 710.032], [548.217, 710.58], [548.444, 711.124], [548.67, 711.66], [548.894, 712.185], [549.116, 712.696], [549.336, 713.191], [549.554, 713.665], [549.769, 714.116], [549.981, 714.541], [550.191, 714.937], [550.397, 715.301], [550.6, 715.63], [550.8, 715.92], [554.4, 717.12], [582.72, 714.36]]",actual,12.0537,0.008301,0.105982,0.00143866,50.0,05,,,
L0040,40028,40103,66,50.553,False,"[[581.64, 714.6], [590.28, 710.76], [615.12, 712.32], [626.4, 700.68]]",actual,7.0774,0.004874,0.062228,0.00084472,50.0,05,,,
544H,40028,40066,66,83.229,False,"[[593.16, 635.52], [583.56, 704.52], [583.92, 718.08]]",actual,11.6521,0.008025,0.10245,0.00139072,50.0,05,,,
544E,40029,40066,66,31.52,False,"[[578.64, 605.16], [581.28, 614.04], [587.04, 619.32], [587.173, 619.638], [587.354, 620.046], [587.577, 620.535], [587.838, 621.095], [588.131, 621.718], [588.453, 622.395], [588.797, 623.116], [589.16, 623.872], [589.536, 624.655], [589.92, 625.455], [590.308, 626.263], [590.695, 627.07], [591.075, 627.867], [591.445, 628.645], [591.799, 629.394], [592.132, 630.107], [592.439, 630.772], [592.716, 631.383], [592.958, 631.928], [593.16, 632.4]]",actual,4.4128,0.003039,0.038799,0.00052669,50.0,05,,,
L0041,40029,40100,66,12.914,False,"[[567.12, 608.64], [574.2, 597.84]]",actual,1.808,0.001245,0.015896,0.00021579,50.0,05,,,
531D,40030,40035,66,55.651,False,"[[457.92, 678.84], [482.04, 679.44], [492.36, 684.12], [491.752, 683.881], [491.362, 683.736], [491.177, 683.68], [491.186, 683.708], [491.377, 683.816], [491.74, 683.999], [492.262, 684.252], [492.932, 684.569], [493.739, 684.947], [494.67, 685.38], [495.715, 685.863], [496.861, 686.392], [498.098, 686.962], [499.414, 687.567], [500.797, 688.204], [502.236, 688.866], [503.72, 689.55], [505.236, 690.25], [506.773, 690.962], [508.32, 691.68]]",actual,7.7911,0.005366,0.068503,0.00092991,50.0,05,,,
534B,40030,40166,66,98.932,False,"[[454.2, 768.0], [465.6, 760.92], [477.36, 757.8], [479.88, 746.64], [482.4, 731.04], [489.36, 724.68], [496.32, 711.84], [496.66, 711.232], [496.997, 710.633], [497.331, 710.042], [497.662, 709.457], [497.991, 708.879], [498.317, 708.307], [498.641, 707.74], [498.964, 707.178], [499.285, 706.62], [499.605, 706.065], [499.924, 705.513], [500.243, 704.963], [500.561, 704.414], [500.879, 703.866], [501.197, 703.318], [501.516, 702.77], [501.835, 702.221], [502.155, 701.67], [502.477, 701.116], [502.8, 700.56], [504.6, 691.68]]",actual,13.8505,0.009539,0.12178,0.00165312,50.0,05,,,
L0042,40031,40032,66,58.995,False,"[[520.68, 353.64], [526.08, 349.08], [552.24, 348.12], [558.0, 352.68], [571.8, 350.4], [574.8, 347.16]]",actual,8.2593,0.005688,0.07262,0.00098578,50.0,05,,,
513C,40031,40181,66,33.598,False,"[[488.497, 363.122], [494.76, 359.4], [507.0, 359.4], [519.84, 353.64]]",actual,4.7037,0.003239,0.041357,0.00056141,50.0,05,,,
521D,40033,40069,66,108.041,False,"[[582.72, 530.76], [616.68, 534.0], [625.68, 532.8], [631.44, 535.8], [642.24, 534.24], [645.0, 542.88], [636.6, 580.32]]",actual,15.1257,0.010417,0.132993,0.00180532,50.0,05,,,
532C,40034,40035,66,39.428,False,"[[415.32, 690.72], [452.64, 678.0]]",actual,5.5199,0.003802,0.048534,0.00065883,50.0,05,,,
571B,40036,40080,66,100.834,False,"[[416.4, 176.16], [405.12, 176.52], [405.36, 190.56], [400.68, 198.6], [361.56, 225.96], [357.0, 235.2], [363.6, 240.0]]",actual,14.1168,0.009722,0.124121,0.0016849,50.0,05,,,
L0043,40036,40086,66,116.802,False,"[[376.8, 150.84], [361.8, 148.8], [357.48, 180.36], [361.68, 200.28], [355.92, 229.2], [352.2, 236.76], [362.52, 241.92]]",actual,16.3523,0.011262,0.143777,0.00195172,50.0,05,,,
L0044,40038,40039,66,59.419,False,"[[311.76, 340.8], [311.956, 340.592], [312.18, 340.367], [312.431, 340.126], [312.704, 339.872], [312.996, 339.606], [313.303, 339.33], [313.623, 339.047], [313.953, 338.759], [314.288, 338.468], [314.625, 338.175], [314.961, 337.883], [315.294, 337.595], [315.618, 337.311], [315.932, 337.034], [316.232, 336.767], [316.514, 336.511], [316.775, 336.268], [317.012, 336.04], [317.221, 335.83], [317.4, 335.64], [354.6, 333.72], [369.12, 333.48]]",actual,8.3187,0.005729,0.073142,0.00099287,50.0,05,,,
L0045,40038,40082,66,33.413,False,"[[316.32, 341.88], [301.92, 350.16], [303.167, 349.424], [304.116, 348.862], [304.786, 348.462], [305.199, 348.212], [305.377, 348.099], [305.341, 348.111], [305.112, 348.235], [304.712, 348.459], [304.16, 348.77], [303.48, 349.155], [302.692, 349.602], [301.816, 350.1], [300.876, 350.634], [299.891, 351.192], [298.882, 351.763], [297.873, 352.333], [296.882, 352.891], [295.932, 353.423], [295.045, 353.917], [294.24, 354.36]]",actual,4.6778,0.003222,0.04113,0.00055832,50.0,05,,,
L0046,40038,40082,66,10.36,False,"[[304.68, 348.0], [314.04, 352.44]]",actual,1.4504,0.000999,0.012753,0.00017311,50.0,05,,,
L0047,40038,40112,66,12.28,False,"[[317.16, 343.44], [319.68, 345.48], [328.56, 347.16]]",actual,1.7192,0.001184,0.015116,0.00020519,50.0,05,,,
592N,40041,40042,66,57.579,False,"[[311.4, 516.72], [319.56, 516.72], [319.579, 517.422], [319.599, 518.124], [319.621, 518.826], [319.644, 519.528], [319.669, 520.23], [319.694, 520.932], [319.72, 521.634], [319.746, 522.336], [319.773, 523.038], [319.8, 523.74], [319.827, 524.442], [319.854, 525.144], [319.88, 525.846], [319.906, 526.548], [319.931, 527.25], [319.956, 527.952], [319.979, 528.654], [320.001, 529.356], [320.021, 530.058], [320.04, 530.76], [306.24, 551.52], [295.8, 551.28]]",actual,8.0611,0.005552,0.070877,0.00096212,50.0,05,,,
510,40041,40084,66,38.909,False,"[[316.32, 480.36], [316.08, 487.2], [305.52, 507.84], [305.52, 508.29], [305.52, 508.74], [305.52, 509.19], [305.52, 509.639], [305.52, 510.088], [305.52, 510.537], [305.52, 510.985], [305.52, 511.432], [305.52, 511.879], [305.52, 512.325], [305.52, 512.77], [305.52, 513.214], [305.52, 513.657], [305.52, 514.099], [305.52, 514.539], [305.52, 514.979], [305.52, 515.416], [305.52, 515.853], [305.52, 516.287], [305.52, 516.72]]",actual,5.4473,0.003752,0.047895,0.00065015,50.0,05,,,
L0048,40041,40114,66,24.422,False,"[[311.04, 514.92], [311.28, 507.6], [314.64, 503.16], [326.16, 502.68]]",actual,3.4191,0.002355,0.030062,0.00040808,50.0,05,,,
L0049,40042,40043,66,28.507,False,"[[286.56, 549.96], [278.76, 551.64], [272.64, 556.68], [272.64, 569.28]]",actual,3.991,0.002749,0.035091,0.00047634,50.0,05,,,
L0050,40043,40044,66,19.92,False,"[[278.88, 572.64], [278.957, 572.658], [279.045, 572.677], [279.142, 572.696], [279.249, 572.717], [279.364, 572.739], [279.487, 572.764], [279.618, 572.792], [279.756, 572.822], [279.9, 572.857], [280.05, 572.895], [280.206, 572.938], [280.366, 572.986], [280.531, 573.039], [280.699, 573.098], [280.871, 573.163], [281.046, 573.235], [281.222, 573.314], [281.401, 573.401], [281.58, 573.496], [281.76, 573.6], [286.08, 577.32], [285.72, 588.48]]",actual,2.7888,0.001921,0.02452,0.00033286,50.0,05,,,
5908,40045,40046,66,34.915,False,"[[371.64, 489.36], [379.44, 489.72], [381.36, 498.84], [383.64, 516.48]]",actual,4.8881,0.003366,0.042978,0.00058342,50.0,05,,,
L0051,40045,40185,66,80.824,False,"[[371.76, 484.56], [383.64, 484.32], [379.56, 473.76], [350.28, 455.64], [343.2, 455.28], [330.79, 465.534]]",actual,11.3154,0.007793,0.09949,0.00135054,50.0,05,,,
L0052,40047,40048,66,44.624,False,"[[569.04, 382.2], [588.12, 378.6], [587.04, 363.48], [585.0, 353.64]]",actual,6.2474,0.004303,0.05493,0.00074565,50.0,05,,,
L0053,40047,40177,66,22.948,False,"[[570.84, 386.88], [589.92, 387.24], [591.6, 390.72]]",actual,3.2127,0.002213,0.028248,0.00038345,50.0,05,,,
511E,40048,40049,66,87.566,False,"[[555.84, 277.56], [565.56, 305.76], [565.631, 307.632], [565.701, 309.504], [565.769, 311.376], [565.836, 313.247], [565.901, 315.118], [565.966, 316.989], [566.03, 318.859], [566.094, 320.728], [566.157, 322.597], [566.22, 324.465], [566.283, 326.332], [566.346, 328.198], [566.41, 330.063], [566.474, 331.927], [566.539, 333.789], [566.604, 335.651], [566.671, 337.51], [566.739, 339.369], [566.809, 341.225], [566.88, 343.08], [585.0, 352.44]]",actual,12.2592,0.008443,0.107789,0.00146319,50.0,05,,,
L0054,40050,40051,66,44.763,False,"[[622.2, 447.72], [627.48, 441.36], [662.88, 432.48]]",actual,6.2668,0.004316,0.055101,0.00074797,50.0,05,,,
L0055,40050,40177,66,72.647,False,"[[591.6, 390.72], [591.6, 390.72], [591.672, 391.368], [591.744, 392.016], [591.816, 392.664], [591.887, 393.312], [591.958, 393.96], [592.029, 394.608], [592.099, 395.256], [592.168, 395.904], [592.237, 396.552], [592.305, 397.2], [592.372, 397.848], [592.438, 398.496], [592.503, 399.144], [592.567, 399.792], [592.629, 400.44], [592.691, 401.088], [592.75, 401.736], [592.809, 402.384], [592.865, 403.032], [592.92, 403.68], [612.72, 448.68], [623.04, 450.36]]",actual,10.1706,0.007005,0.089425,0.0012139,50.0,05,,,
L0056,40051,40091,66,122.35,False,"[[662.88, 432.48], [664.92, 417.48], [684.24, 403.56], [698.76, 384.96], [702.36, 368.64], [697.92, 363.48], [694.2, 337.8], [704.16, 335.04]]",actual,17.129,0.011797,0.150606,0.00204442,50.0,05,,,
L0057,40052,40053,66,35.495,False,"[[696.6, 668.88], [687.84, 661.8], [686.511, 661.63], [685.221, 661.477], [683.965, 661.34], [682.739, 661.217], [681.54, 661.106], [680.362, 661.005], [679.201, 660.912], [678.054, 660.825], [676.915, 660.741], [675.78, 660.66], [674.645, 660.579], [673.506, 660.495], [672.359, 660.408], [671.198, 660.315], [670.02, 660.214], [668.82, 660.103], [667.595, 659.98], [666.339, 659.843], [665.049, 659.69], [663.72, 659.52]]",actual,4.9693,0.003422,0.043692,0.00059311,50.0,05,,,
L0058,40053,40136,66,10.607,False,"[[658.2, 648.24], [662.16, 658.08]]",actual,1.485,0.001023,0.013057,0.00017724,50.0,05,,,
L0059,40054,40055,66,17.292,False,"[[492.36, 684.48], [487.8, 701.16]]",actual,2.4209,0.001667,0.021286,0.00028894,50.0,05,,,
L0060,40057,40058,66,30.546,False,"[[450.84, 916.68], [465.24, 917.64], [470.04, 915.36], [480.84, 915.36]]",actual,4.2764,0.002945,0.0376,0.00051041,50.0,05,,,
554A,40057,40075,66,90.699,False,"[[406.68, 895.2], [406.572, 895.777], [406.464, 896.355], [406.356, 896.935], [406.247, 897.517], [406.138, 898.099], [406.029, 898.682], [405.919, 899.266], [405.808, 899.85], [405.697, 900.435], [405.585, 901.02], [405.472, 901.605], [405.358, 902.19], [405.243, 902.774], [405.127, 903.358], [405.009, 903.941], [404.891, 904.524], [404.77, 905.105], [404.649, 905.685], [404.525, 906.263], [404.4, 906.84], [408.96, 920.76], [406.56, 931.92], [414.36, 931.56], [432.12, 927.0], [450.6, 925.2], [451.2, 917.16]]",actual,12.6979,0.008745,0.111646,0.00151555,50.0,05,,,
L0061,40060,40061,66,40.757,False,"[[353.04, 826.92], [346.44, 826.68], [338.4, 819.84], [330.0, 821.16], [322.68, 807.96]]",actual,5.706,0.00393,0.05017,0.00068103,50.0,05,,,
L0062,40062,40063,66,11.4,False,"[[501.6, 921.6], [513.0, 921.6]]",actual,1.596,0.001099,0.014033,0.00019049,50.0,05,,,
553D,40064,40065,66,31.569,False,"[[513.0, 905.64], [544.32, 909.6]]",actual,4.4197,0.003044,0.03886,0.00052751,50.0,05,,,
522N,40066,40069,66,66.949,False,"[[594.72, 631.68], [603.12, 628.44], [633.0, 593.04], [636.24, 581.88]]",actual,9.3729,0.006455,0.082411,0.00111869,50.0,05,,,
L0063,40067,40072,66,31.873,False,"[[642.96, 553.44], [658.56, 561.12], [659.196, 560.85], [659.844, 560.58], [660.501, 560.31], [661.167, 560.04], [661.841, 559.77], [662.521, 559.5], [663.207, 559.23], [663.896, 558.96], [664.587, 558.69], [665.28, 558.42], [665.973, 558.15], [666.664, 557.88], [667.353, 557.61], [668.039, 557.34], [668.719, 557.07], [669.393, 556.8], [670.059, 556.53], [670.716, 556.26], [671.364, 555.99], [672.0, 555.72]]",actual,4.4622,0.003073,0.039234,0.00053259,50.0,05,,,
521G,40067,40109,66,20.64,False,"[[700.44, 563.64], [709.8, 563.64], [709.8, 574.92]]",actual,2.8896,0.00199,0.025407,0.00034489,50.0,05,,,
L0064,40070,40071,66,12.819,False,"[[604.08, 761.76], [612.0, 751.68]]",actual,1.7947,0.001236,0.015779,0.0002142,50.0,05,,,
L0065,40071,40164,66,19.985,False,"[[618.48, 762.48], [620.4, 755.28], [631.2, 748.92]]",actual,2.7979,0.001927,0.0246,0.00033394,50.0,05,,,
L0066,40073,40074,66,12.621,False,"[[580.92, 772.08], [593.52, 772.8]]",actual,1.7669,0.001217,0.015536,0.00021089,50.0,05,,,
512B,40076,40077,66,12.029,False,"[[649.44, 436.2], [653.28, 447.6]]",actual,1.6841,0.00116,0.014807,0.000201,50.0,05,,,
511C,40078,40079,66,34.921,False,"[[565.68, 307.44], [581.16, 306.36], [587.4, 315.84], [594.72, 319.2]]",actual,4.8889,0.003367,0.042986,0.00058352,50.0,05,,,
571D,40080,40081,66,74.426,False,"[[418.08, 175.08], [418.079, 175.458], [418.077, 175.836], [418.073, 176.214], [418.068, 176.593], [418.061, 176.972], [418.054, 177.351], [418.046, 177.731], [418.038, 178.112], [418.029, 178.493], [418.02, 178.875], [418.011, 179.258], [418.002, 179.642], [417.994, 180.027], [417.986, 180.413], [417.979, 180.801], [417.972, 181.189], [417.967, 181.58], [417.963, 181.971], [417.961, 182.365], [417.96, 182.76], [431.52, 183.6], [436.32, 182.64], [439.92, 178.44], [455.52, 174.6], [459.96, 171.72], [467.16, 164.52], [467.213, 163.962], [467.265, 163.404], [467.314, 162.846], [467.363, 162.288], [467.409, 161.73], [467.455, 161.172], [467.499, 160.614], [467.542, 160.056], [467.584, 159.498], [467.625, 158.94], [467.665, 158.382], [467.704, 157.824], [467.743, 157.266], [467.781, 156.708], [467.818, 156.15], [467.855, 155.592], [467.892, 155.034], [467.928, 154.476], [467.964, 153.918], [468.0, 153.36]]",actual,10.4196,0.007176,0.091614,0.00124363,50.0,05,,,
L0067,40082,40113,66,13.2,False,"[[298.68, 351.0], [306.6, 361.56]]",actual,1.848,0.001273,0.016248,0.00022057,50.0,05,,,
5907,40083,40084,66,37.265,False,"[[340.8, 452.4], [312.6, 476.76]]",actual,5.2171,0.003593,0.045871,0.00062268,50.0,05,,,
L0068,40084,40185,66,20.639,False,"[[330.79, 465.534], [314.88, 478.68]]",actual,2.8895,0.00199,0.025405,0.00034487,50.0,05,,,
L0069,40085,40086,66,14.29,False,"[[361.92, 145.2], [376.08, 147.12]]",actual,2.0006,0.001378,0.01759,0.00023878,50.0,05,,,
L0070,40085,40087,66,35.032,False,"[[362.04, 145.56], [364.68, 129.48], [360.0, 123.96], [358.2, 118.2], [357.36, 112.8]]",actual,4.9045,0.003378,0.043122,0.00058537,50.0,05,,,
L0071,40086,40153,66,13.681,False,"[[374.28, 160.32], [360.6, 160.44]]",actual,1.9153,0.001319,0.016841,0.0002286,50.0,05,,,
L0072,40086,40159,66,10.2,False,"[[390.72, 160.2], [380.52, 160.2]]",actual,1.428,0.000983,0.012556,0.00017044,50.0,05,,,
L0073,40088,40089,66,32.403,False,"[[519.36, 1002.001], [539.16, 992.881], [539.106, 992.358], [539.052, 991.834], [538.998, 991.308], [538.945, 990.781], [538.892, 990.252], [538.839, 989.723], [538.787, 989.193], [538.736, 988.663], [538.685, 988.132], [538.635, 987.601], [538.586, 987.07], [538.538, 986.539], [538.491, 986.009], [538.445, 985.479], [538.401, 984.95], [538.357, 984.421], [538.316, 983.894], [538.275, 983.368], [538.237, 982.844], [538.2, 982.321]]",actual,4.5364,0.003124,0.039886,0.00054144,50.0,05,,,
561B,40088,40090,66,17.388,False,"[[552.84, 972.121], [548.88, 979.321], [539.76, 980.281]]",actual,2.4343,0.001677,0.021404,0.00029055,50.0,05,,,
L0074,40088,40122,66,120.293,False,"[[541.92, 979.801], [542.028, 980.439], [542.136, 981.091], [542.244, 981.756], [542.352, 982.432], [542.46, 983.118], [542.568, 983.811], [542.676, 984.51], [542.784, 985.213], [542.892, 985.919], [543.0, 986.626], [543.108, 987.332], [543.216, 988.035], [543.324, 988.734], [543.432, 989.427], [543.54, 990.112], [543.648, 990.787], [543.756, 991.452], [543.864, 992.103], [543.972, 992.74], [544.08, 993.361], [538.8, 1007.641], [543.24, 1015.801], [552.0, 1018.681], [560.4, 1028.641], [573.36, 1038.961], [587.16, 1053.841], [606.0, 1066.921]]",actual,16.841,0.011598,0.148074,0.00201005,50.0,05,,,
L0075,40092,40093,66,35.29,False,"[[217.56, 867.96], [218.166, 867.822], [218.696, 867.695], [219.158, 867.577], [219.563, 867.468], [219.919, 867.364], [220.236, 867.264], [220.525, 867.168], [220.793, 867.073], [221.052, 866.977], [221.31, 866.88], [221.577, 866.779], [221.863, 866.673], [222.176, 866.56], [222.528, 866.438], [222.926, 866.306], [223.381, 866.163], [223.903, 866.006], [224.5, 865.835], [225.183, 865.646], [225.96, 865.44], [226.833, 865.193], [227.822, 864.89], [228.915, 864.534], [230.099, 864.133], [231.36, 863.692], [232.686, 863.217], [234.064, 862.714], [235.481, 862.188], [236.924, 861.644], [238.38, 861.09], [239.836, 860.53], [241.279, 859.971], [242.696, 859.418], [244.074, 858.876], [245.4, 858.352], [246.661, 857.852], [247.845, 857.381], [248.938, 856.945], [249.927, 856.549], [250.8, 856.2]]",actual,4.9406,0.003403,0.04344,0.00058968,50.0,05,,,
L0076,40092,40094,66,38.856,False,"[[181.08, 859.92], [189.72, 864.36], [213.0, 868.68], [218.4, 867.84]]",actual,5.4398,0.003746,0.04783,0.00064927,50.0,05,,,
L0077,40093,40095,66,80.102,False,"[[299.88, 871.8], [296.64, 881.4], [289.56, 884.64], [276.6, 883.56], [269.76, 874.56], [261.6, 872.04], [251.76, 870.84], [244.44, 865.8], [252.24, 858.72]]",actual,11.2143,0.007723,0.098601,0.00133847,50.0,05,,,
L0078,40096,40097,66,33.72,False,"[[320.52, 305.28], [354.24, 305.4]]",actual,4.7208,0.003251,0.041507,0.00056345,50.0,05,,,
L0079,40097,40162,66,24.4,False,"[[354.6, 300.6], [363.84, 300.24], [368.4, 302.76], [377.04, 297.84]]",actual,3.416,0.002353,0.030035,0.00040771,50.0,05,,,
L0080,40098,40099,66,13.345,False,"[[588.96, 749.52], [597.12, 738.96]]",actual,1.8683,0.001287,0.016427,0.00022299,50.0,05,,,
592G,40104,40105,66,12.563,False,"[[295.32, 389.16], [299.04, 377.16]]",actual,1.7588,0.001211,0.015464,0.00020992,50.0,05,,,
531C,40107,40108,66,53.091,False,"[[590.88, 651.84], [597.12, 652.56], [627.72, 672.84], [627.654, 673.012], [627.534, 673.27], [627.364, 673.604], [627.152, 674.005], [626.902, 674.464], [626.623, 674.97], [626.318, 675.514], [625.996, 676.087], [625.661, 676.679], [625.32, 677.28], [624.979, 677.881], [624.644, 678.473], [624.322, 679.046], [624.017, 679.59], [623.737, 680.096], [623.488, 680.555], [623.276, 680.956], [623.106, 681.29], [622.986, 681.548], [622.92, 681.72]]",actual,7.4327,0.005119,0.065352,0.00088713,50.0,05,,,
5703,40110,40111,66,11.4,False,"[[451.2, 175.32], [451.2, 163.92]]",actual,1.596,0.001099,0.014033,0.00019049,50.0,05,,,
L0081,40115,40116,66,12.952,False,"[[408.36, 553.08], [411.72, 552.84], [414.0, 550.32], [419.88, 548.4]]",actual,1.8133,0.001249,0.015943,0.00021642,50.0,05,,,
L0082,40117,40118,66,12.841,False,"[[395.16, 526.32], [407.52, 522.84]]",actual,1.7977,0.001238,0.015807,0.00021457,50.0,05,,,
562A,40120,40121,66,10.637,False,"[[490.68, 1012.081], [480.24, 1014.121]]",actual,1.4892,0.001026,0.013094,0.00017774,50.0,05,,,
L0083,40123,40155,66,13.554,False,"[[582.48, 1049.881], [577.8, 1062.601]]",actual,1.8976,0.001307,0.016684,0.00022648,50.0,05,,,
561A,40124,40125,66,22.265,False,"[[564.72, 1060.201], [573.36, 1039.681]]",actual,3.1171,0.002147,0.027407,0.00037204,50.0,05,,,
522M,40128,40129,66,34.911,False,"[[571.08, 569.04], [583.8, 572.64], [593.88, 568.56], [604.68, 569.16]]",actual,4.8875,0.003366,0.042974,0.00058335,50.0,05,,,
5206,40130,40131,66,14.178,False,"[[486.48, 564.84], [485.76, 579.0]]",actual,1.9849,0.001367,0.017452,0.00023691,50.0,05,,,
L0084,40137,40138,66,15.777,False,"[[624.12, 602.64], [639.36, 606.72]]",actual,2.2088,0.001521,0.019421,0.00026363,50.0,05,,,
L0085,40141,40142,66,14.52,False,"[[372.72, 179.16], [358.2, 179.16]]",actual,2.0328,0.0014,0.017873,0.00024262,50.0,05,,,
L0086,40143,40147,66,34.09,False,"[[344.16, 235.08], [310.08, 235.92]]",actual,4.7726,0.003287,0.041963,0.00056963,50.0,05,,,
L0087,40144,40145,66,12.36,False,"[[333.12, 216.84], [345.48, 216.84]]",actual,1.7304,0.001192,0.015214,0.00020653,50.0,05,,,
L0088,40148,40149,66,14.642,False,"[[342.72, 246.72], [328.08, 246.96]]",actual,2.0499,0.001412,0.018024,0.00024466,50.0,05,,,
L0089,40150,40168,66,12.614,False,"[[414.96, 159.6], [407.88, 170.04]]",actual,1.766,0.001216,0.015527,0.00021078,50.0,05,,,
L0090,40152,40167,66,17.836,False,"[[466.08, 991.441], [483.72, 988.801]]",actual,2.497,0.00172,0.021955,0.00029803,50.0,05,,,
L0091,40156,40157,66,10.496,False,"[[411.84, 377.4], [410.76, 387.84]]",actual,1.4694,0.001012,0.01292,0.00017538,50.0,05,,,
592B,40156,40158,66,17.207,False,"[[411.12, 377.4], [394.32, 381.12]]",actual,2.409,0.001659,0.021181,0.00028752,50.0,05,,,
L0092,40162,40172,33,65.101,False,"[[376.8, 298.44], [376.818, 298.799], [376.836, 299.157], [376.854, 299.512], [376.872, 299.867], [376.89, 300.219], [376.908, 300.571], [376.926, 300.921], [376.944, 301.27], [376.962, 301.618], [376.98, 301.965], [376.998, 302.311], [377.016, 302.656], [377.034, 303.001], [377.052, 303.345], [377.07, 303.688], [377.088, 304.031], [377.106, 304.374], [377.124, 304.716], [377.142, 305.058], [377.16, 305.4], [396.0, 305.16], [416.04, 317.88], [425.16, 330.48]]",actual,9.1141,0.047454,0.326402,0.00029776,20.0,05,,,
511H,40170,40171,66,18.675,False,"[[580.8, 306.24], [590.88, 296.04], [595.2, 295.68]]",actual,2.6145,0.001801,0.022988,0.00031205,50.0,05,,,
L0093,40172,40173,33,12.891,False,"[[411.84, 333.48], [423.6, 328.2]]",actual,1.8047,0.009397,0.064633,5.896e-05,20.0,05,,,
522H,40175,40176,66,24.778,False,"[[509.16, 592.32], [519.0, 615.06]]",actual,3.4689,0.002389,0.0305,0.00041403,50.0,05,,,
512A,40177,40178,66,22.797,False,"[[591.6, 390.72], [612.84, 382.44]]",actual,3.1916,0.002198,0.028062,0.00038093,50.0,05,,,
592E,40181,40182,66,14.87,False,"[[488.497, 363.122], [480.9, 350.34]]",actual,2.0818,0.001434,0.018304,0.00024847,50.0,05,,,
L0094,40185,40186,66,21.178,False,"[[330.79, 465.534], [344.28, 481.86]]",actual,2.9649,0.002042,0.026069,0.00035388,50.0,05,,,
G0095,40189,40084,66,0.99,False,,provisional,0.1386,9.5e-05,0.001219,1.654e-05,50.0,05,,,
G0096,40192,40144,66,10.14,False,,provisional,1.4196,0.000978,0.012482,0.00016944,50.0,05,,,
G0097,40193,40160,66,8.58,False,,provisional,1.2012,0.000827,0.010562,0.00014337,50.0,05,,,
G0098,40194,40023,66,4.73,False,,provisional,0.6622,0.000456,0.005822,7.904e-05,50.0,05,,,
B0099,40112,40163,66,42.374,False,,provisional,5.9324,0.004086,0.05216,0.00070805,50.0,05,,,
B0100,40032,40178,66,51.882,False,,provisional,7.2635,0.005002,0.063864,0.00086693,50.0,05,,,
B0101,40037,40096,66,35.473,False,,provisional,4.9662,0.00342,0.043665,0.00059274,50.0,05,,,
B0102,40169,40194,66,45.673,False,,provisional,6.3942,0.004404,0.056221,0.00076318,50.0,05,,,
B0103,40167,40089,66,54.316,False,,provisional,7.6042,0.005237,0.06686,0.0009076,50.0,05,,,
B0104,40101,40136,66,25.849,False,,provisional,3.6189,0.002492,0.031819,0.00043193,50.0,05,,,
B0105,40007,40058,66,52.929,False,,provisional,7.4101,0.005103,0.065153,0.00088442,50.0,05,,,
B0106,40015,40072,66,18.362,False,,bridge,2.5707,0.00177,0.022603,0.00030682,50.0,05,,,
B0107,40106,40164,66,41.184,False,,provisional,5.7658,0.003971,0.050695,0.00068817,50.0,05,,,
B0108,40146,40192,66,25.37,False,,provisional,3.5518,0.002446,0.031229,0.00042392,50.0,05,,,
B0109,40040,40157,66,34.74,False,,provisional,4.8636,0.00335,0.042763,0.00058049,50.0,05,,,
B0110,40070,40074,66,15.277,False,,bridge,2.1388,0.001473,0.018805,0.00025527,50.0,05,,,
B0111,40049,40078,66,31.459,False,,provisional,4.4043,0.003033,0.038724,0.00052567,50.0,05,,,
B0112,40073,40098,66,23.95,False,,provisional,3.353,0.002309,0.029481,0.0004002,50.0,05,,,
B0113,40113,40105,66,17.335,False,,bridge,2.4269,0.001671,0.021338,0.00028966,50.0,05,,,
B0114,40081,40111,66,19.843,False,,bridge,2.778,0.001913,0.024426,0.00033157,50.0,05,,,
B0115,40046,40115,66,44.166,False,,provisional,6.1832,0.004258,0.054366,0.000738,50.0,05,,,
B0116,40116,40118,66,28.392,False,,provisional,3.9749,0.002738,0.034949,0.00047442,50.0,05,,,
B0117,40122,40123,66,23.962,False,,provisional,3.3547,0.00231,0.029496,0.0004004,50.0,05,,,
B0118,40155,40124,66,13.298,False,,bridge,1.8617,0.001282,0.016369,0.0002222,50.0,05,,,
B0119,40100,40128,66,40.987,False,,provisional,5.7382,0.003952,0.050453,0.00068488,50.0,05,,,
B0120,40068,40137,66,23.508,False,,provisional,3.2911,0.002267,0.028937,0.00039281,50.0,05,,,
B0121,40153,40142,66,18.873,False,,bridge,2.6422,0.00182,0.023232,0.00031536,50.0,05,,,
B0122,40145,40147,66,18.288,False,,bridge,2.5603,0.001763,0.022512,0.00030559,50.0,05,,,
B0123,40143,40149,66,20.143,False,,bridge,2.82,0.001942,0.024795,0.00033658,50.0,05,,,
B0124,40159,40150,66,20.121,False,,bridge,2.8169,0.00194,0.024768,0.00033621,50.0,05,,,
B0125,40079,40170,66,19.019,False,,bridge,2.6627,0.001834,0.023411,0.0003178,50.0,05,,,
B0126,40129,40102,66,31.636,False,,provisional,4.429,0.00305,0.038942,0.00052863,50.0,05,,,
B0127,40090,40119,66,55.106,False,,provisional,7.7148,0.005313,0.067833,0.0009208,50.0,05,,,
B0128,40119,40062,66,28.866,False,,provisional,4.0412,0.002783,0.035532,0.00048234,50.0,05,,,
B0129,40063,40064,66,16.687,False,,bridge,2.3362,0.001609,0.020541,0.00027883,50.0,05,,,
B0130,40108,40132,66,31.322,False,,provisional,4.3851,0.00302,0.038556,0.00052338,50.0,05,,,
B0131,40099,40133,66,50.155,False,,provisional,7.0217,0.004836,0.061738,0.00083807,50.0,05,,,
B0132,40134,40135,66,44.701,False,,provisional,6.2581,0.00431,0.055025,0.00074694,50.0,05,,,
B0133,40056,40139,66,57.496,False,,provisional,8.0494,0.005544,0.070774,0.00096074,50.0,05,,,
B0134,40138,40140,66,19.334,False,,bridge,2.7068,0.001864,0.023799,0.00032306,50.0,05,,,
B0135,40075,40154,66,47.448,False,,provisional,6.6427,0.004575,0.058406,0.00079284,50.0,05,,,
B0136,40133,40165,66,46.483,False,,provisional,6.5076,0.004482,0.057218,0.00077671,50.0,05,,,
I0137,40061,40095,66,67.789,False,,inset_provisional,9.4905,0.006536,0.083445,0.00113273,50.0,05,,,
I0138,40034,40055,66,73.228,False,,inset_provisional,10.2519,0.007061,0.09014,0.00122361,50.0,05,,,
I0139,40091,40076,66,115.011,False,,inset_provisional,16.1015,0.011089,0.141572,0.00192179,50.0,05,,,
I0140,40125,40120,66,89.105,False,,inset_provisional,12.4747,0.008591,0.109683,0.00148891,50.0,05,,,
I0141,40117,40130,66,99.112,False,,inset_provisional,13.8757,0.009556,0.122002,0.00165612,50.0,05,,,
I0142,40131,40175,66,25.603,False,,inset_provisional,3.5844,0.002469,0.031516,0.00042782,50.0,05,,,
I0143,40065,40126,66,69.492,False,,inset_provisional,9.7289,0.0067,0.085541,0.00116118,50.0,05,,,
I0144,40166,40127,66,63.985,False,,inset_provisional,8.9579,0.006169,0.078762,0.00106916,50.0,05,,,
I0145,40171,40151,66,66.899,False,,inset_provisional,9.3659,0.00645,0.082349,0.00111786,50.0,05,,,
I0146,40176,40179,66,16.12,False,,inset_provisional,2.2568,0.001554,0.019843,0.00026936,50.0,05,,,
I0147,40018,40180,66,65.072,False,,inset_provisional,9.1101,0.006274,0.0801,0.00108733,50.0,05,,,
I0148,40077,40183,66,59.437,False,,inset_provisional,8.3212,0.005731,0.073164,0.00099317,50.0,05,,,
I0149,40110,40184,66,70.183,False,,inset_provisional,9.8256,0.006767,0.086391,0.00117273,50.0,05,,,
I0150,40154,40187,66,77.722,False,,inset_provisional,10.8811,0.007494,0.095672,0.0012987,50.0,05,,,
I0151,40182,40190,66,114.814,False,,inset_provisional,16.074,0.01107,0.14133,0.0019185,50.0,05,,,
I0152,40190,40191,66,30.312,False,,inset_provisional,4.2437,0.002923,0.037312,0.0005065,50.0,05,,,
XFRM9000,40195,40162,66,0.0,,,transformer,0.0,0.005,0.1,0.0,80.0,05,True,,
XFRM9001,40196,40018,66,0.0,,,transformer,0.0,0.005,0.1,0.0,80.0,05,True,,
XFRM9002,40197,40050,66,0.0,,,transformer,0.0,0.005,0.1,0.0,80.0,05,True,,
XFRM9003,40198,40029,66,0.0,,,transformer,0.0,0.005,0.1,0.0,80.0,05,True,,
XFRM9004,40199,40057,66,0.0,,,transformer,0.0,0.005,0.1,0.0,80.0,05,True,,
XFRM9005,40200,40049,66,0.0,,,transformer,0.0,0.005,0.1,0.0,80.0,05,True,,
XFRM9006,40201,40048,66,0.0,,,transformer,0.0,0.005,0.1,0.0,80.0,05,True,,
L0001,50000,50001,66,24.759,False,"[[710.28, 432.751], [710.28, 414.751], [710.032, 414.827], [709.758, 414.909], [709.462, 414.996], [709.145, 415.089], [708.812, 415.186], [708.464, 415.287], [708.106, 415.39], [707.74, 415.496], [707.368, 415.603], [706.995, 415.711], [706.622, 415.819], [706.254, 415.926], [705.892, 416.032], [705.54, 416.136], [705.201, 416.236], [704.877, 416.333], [704.572, 416.426], [704.289, 416.514], [704.031, 416.596], [703.8, 416.671]]",actual,3.4663,0.002387,0.030477,0.00041371,50.0,06,,,
L0002,50001,50028,66,44.676,False,"[[667.32, 427.951], [700.44, 420.391], [701.16, 409.711]]",actual,6.2546,0.004308,0.054994,0.00074652,50.0,06,,,
L0003,50001,50077,66,71.856,False,"[[702.48, 411.751], [705.24, 420.271], [767.64, 412.351]]",actual,10.0598,0.006928,0.088451,0.00120069,50.0,06,,,
L0004,50002,50003,66,43.006,False,"[[386.64, 512.791], [387.198, 512.54], [387.756, 512.291], [388.314, 512.043], [388.872, 511.797], [389.43, 511.552], [389.988, 511.308], [390.546, 511.066], [391.104, 510.825], [391.662, 510.585], [392.22, 510.346], [392.778, 510.108], [393.336, 509.871], [393.894, 509.634], [394.452, 509.398], [395.01, 509.163], [395.568, 508.928], [396.126, 508.694], [396.684, 508.459], [397.242, 508.225], [397.8, 507.991], [397.92, 492.871], [397.577, 492.853], [397.233, 492.835], [396.887, 492.817], [396.54, 492.799], [396.191, 492.781], [395.842, 492.763], [395.492, 492.745], [395.142, 492.727], [394.791, 492.709], [394.44, 492.691], [394.089, 492.673], [393.738, 492.655], [393.388, 492.637], [393.038, 492.619], [392.689, 492.601], [392.34, 492.583], [391.993, 492.565], [391.647, 492.547], [391.303, 492.529], [390.96, 492.511], [383.4, 488.071]]",actual,6.0208,0.004147,0.052938,0.00071861,50.0,06,,,
L0005,50003,50096,66,37.5,False,"[[418.32, 484.831], [414.72, 487.711], [408.6, 483.151], [405.72, 485.311], [405.571, 485.273], [405.242, 485.264], [404.745, 485.281], [404.096, 485.322], [403.307, 485.382], [402.393, 485.46], [401.366, 485.552], [400.242, 485.655], [399.034, 485.766], [397.755, 485.881], [396.419, 485.999], [395.041, 486.115], [393.633, 486.226], [392.21, 486.331], [390.786, 486.425], [389.373, 486.505], [387.987, 486.569], [386.64, 486.614], [385.346, 486.635], [384.12, 486.631]]",actual,5.25,0.003616,0.04616,0.00062661,50.0,06,,,
L0006,50003,50073,66,55.718,False,"[[382.32, 486.271], [367.08, 478.231], [375.36, 453.511], [383.52, 444.151]]",actual,7.8005,0.005372,0.068586,0.00093103,50.0,06,,,
L0007,50003,50159,66,11.792,False,"[[382.2, 487.951], [370.68, 490.471]]",actual,1.6509,0.001137,0.014515,0.00019704,50.0,06,,,
L0008,50005,50006,66,80.745,False,"[[200.28, 431.551], [205.8, 423.271], [209.52, 403.711], [225.24, 400.471], [225.567, 398.928], [225.898, 397.359], [226.235, 395.766], [226.576, 394.151], [226.922, 392.514], [227.271, 390.857], [227.625, 389.182], [227.982, 387.49], [228.342, 385.783], [228.705, 384.061], [229.071, 382.327], [229.439, 380.582], [229.809, 378.827], [230.182, 377.064], [230.556, 375.294], [230.931, 373.518], [231.307, 371.739], [231.684, 369.957], [232.062, 368.174], [232.44, 366.391]]",actual,11.3043,0.007785,0.099393,0.00134922,50.0,06,,,
L0009,50005,50033,66,77.332,False,"[[200.28, 429.631], [191.4, 421.231], [181.08, 416.191], [167.4, 416.311], [156.0, 413.191], [147.72, 408.751], [140.16, 398.791], [143.64, 393.631]]",actual,10.8265,0.007456,0.095192,0.00129219,50.0,06,,,
L0010,50005,50052,66,42.324,False,"[[197.64, 431.311], [181.68, 452.191], [188.64, 459.631], [192.84, 455.551]]",actual,5.9254,0.004081,0.052099,0.00070722,50.0,06,,,
L0011,50005,50052,66,32.54,False,"[[191.04, 453.271], [187.44, 454.711], [184.44, 451.831], [199.2, 432.271]]",actual,4.5556,0.003137,0.040055,0.00054373,50.0,06,,,
L0012,50005,50104,66,32.53,False,"[[197.76, 431.431], [196.155, 431.527], [194.543, 431.6], [192.925, 431.653], [191.302, 431.688], [189.675, 431.707], [188.044, 431.713], [186.411, 431.709], [184.775, 431.696], [183.138, 431.678], [181.5, 431.656], [179.862, 431.634], [178.225, 431.613], [176.589, 431.596], [174.956, 431.585], [173.325, 431.583], [171.698, 431.592], [170.075, 431.616], [168.457, 431.655], [166.845, 431.712], [165.24, 431.791]]",actual,4.5542,0.003137,0.040043,0.00054356,50.0,06,,,
L0013,50006,50055,66,27.586,False,"[[240.72, 380.431], [245.76, 366.271], [241.2, 364.231], [240.822, 364.231], [240.444, 364.231], [240.066, 364.231], [239.688, 364.231], [239.31, 364.231], [238.932, 364.231], [238.554, 364.231], [238.176, 364.231], [237.798, 364.231], [237.42, 364.231], [237.042, 364.231], [236.664, 364.231], [236.286, 364.231], [235.908, 364.231], [235.53, 364.231], [235.152, 364.231], [234.774, 364.231], [234.396, 364.231], [234.018, 364.231], [233.64, 364.231]]",actual,3.862,0.00266,0.033957,0.00046095,50.0,06,,,
L0014,50006,50103,66,57.291,False,"[[185.16, 369.511], [194.76, 356.671], [195.61, 356.352], [196.635, 356.077], [197.815, 355.842], [199.13, 355.644], [200.561, 355.481], [202.089, 355.348], [203.693, 355.244], [205.355, 355.164], [207.053, 355.106], [208.77, 355.066], [210.485, 355.042], [212.178, 355.03], [213.831, 355.026], [215.422, 355.029], [216.934, 355.034], [218.345, 355.039], [219.637, 355.04], [220.79, 355.035], [221.784, 355.02], [222.6, 354.991], [232.56, 363.751]]",actual,8.0207,0.005524,0.070522,0.00095731,50.0,06,,,
L0015,50006,50353,66,71.089,False,"[[232.32, 364.471], [234.48, 347.911], [253.92, 315.511], [262.56, 313.231], [269.76, 315.871]]",actual,9.9525,0.006854,0.087507,0.00118787,50.0,06,,,
L0016,50007,50022,66,28.344,False,"[[733.56, 204.271], [740.76, 208.231], [760.68, 211.111]]",actual,3.9682,0.002733,0.03489,0.00047362,50.0,06,,,
L0017,50007,50106,66,29.28,False,"[[761.64, 213.151], [761.64, 242.431]]",actual,4.0992,0.002823,0.036042,0.00048926,50.0,06,,,
691K,50008,50009,66,111.496,False,"[[408.84, 460.231], [396.24, 457.591], [383.52, 465.511], [364.2, 502.231], [356.16, 515.791], [355.2, 527.791], [360.24, 530.671], [360.625, 530.684], [361.023, 530.687], [361.432, 530.681], [361.852, 530.667], [362.28, 530.647], [362.715, 530.62], [363.156, 530.589], [363.602, 530.554], [364.05, 530.516], [364.5, 530.476], [364.95, 530.435], [365.398, 530.395], [365.844, 530.355], [366.285, 530.318], [366.72, 530.283], [367.148, 530.253], [367.568, 530.227], [367.977, 530.208], [368.375, 530.195], [368.76, 530.191]]",actual,15.6094,0.01075,0.137246,0.00186306,50.0,06,,,
L0018,50008,50073,66,28.066,False,"[[385.2, 443.791], [396.0, 453.391], [408.6, 458.551]]",actual,3.9292,0.002706,0.034548,0.00046897,50.0,06,,,
L0019,50008,50051,66,32.951,False,"[[412.92, 438.391], [443.88, 427.111]]",actual,4.6131,0.003177,0.040561,0.0005506,50.0,06,,,
L0020,50008,50051,66,13.773,False,"[[442.2, 440.311], [443.64, 432.871], [446.88, 427.591]]",actual,1.9282,0.001328,0.016954,0.00023014,50.0,06,,,
L0021,50010,50011,66,71.512,False,"[[607.92, 540.991], [595.32, 515.671], [582.24, 489.871], [590.88, 478.471]]",actual,10.0117,0.006895,0.088027,0.00119494,50.0,06,,,
L0022,50010,50012,66,64.814,False,"[[622.08, 527.431], [616.92, 520.111], [603.12, 521.311], [566.88, 542.551]]",actual,9.074,0.006249,0.079783,0.00108302,50.0,06,,,
L0023,50010,50012,66,40.71,False,"[[603.72, 524.191], [568.56, 544.711]]",actual,5.6994,0.003925,0.050112,0.00068025,50.0,06,,,
L0024,50010,50013,66,36.167,False,"[[609.36, 540.751], [594.12, 547.231], [592.92, 549.151], [588.48, 546.031], [585.36, 551.911], [580.68, 554.311]]",actual,5.0634,0.003487,0.04452,0.00060434,50.0,06,,,
L0025,50010,50057,66,30.924,False,"[[623.4, 525.151], [606.72, 499.111]]",actual,4.3294,0.002982,0.038066,0.00051673,50.0,06,,,
L0026,50010,50083,66,93.127,False,"[[610.92, 542.911], [595.44, 549.751], [575.16, 580.711], [543.72, 604.111]]",actual,13.0378,0.008979,0.114634,0.00155612,50.0,06,,,
L0027,50010,50093,66,41.777,False,"[[626.28, 526.231], [647.88, 490.471]]",actual,5.8488,0.004028,0.051425,0.00069808,50.0,06,,,
L0028,50010,50094,66,10.761,False,"[[624.12, 525.151], [625.44, 514.471]]",actual,1.5065,0.001038,0.013246,0.00017981,50.0,06,,,
L0029,50010,50186,66,17.443,False,"[[629.64, 565.711], [628.68, 574.831], [625.32, 582.391]]",actual,2.442,0.001682,0.021471,0.00029147,50.0,06,,,
L0030,50010,50388,33,58.617,False,"[[610.2, 542.431], [616.44, 550.831], [614.88, 567.511], [612.6, 574.951], [612.12, 581.431], [613.8, 590.311], [612.96, 598.351]]",actual,8.2064,0.042727,0.293892,0.0002681,20.0,06,,,
L0031,50011,50057,66,28.062,False,"[[606.72, 499.111], [591.6, 475.471]]",actual,3.9287,0.002706,0.034543,0.00046891,50.0,06,,,
L0032,50011,50087,66,12.134,False,"[[586.92, 477.991], [578.4, 486.631]]",actual,1.6988,0.00117,0.014936,0.00020275,50.0,06,,,
L0033,50011,50027,66,57.867,False,"[[591.48, 474.991], [636.24, 451.831], [636.323, 451.926], [636.327, 451.896], [636.261, 451.755], [636.132, 451.517], [635.951, 451.196], [635.726, 450.804], [635.465, 450.357], [635.178, 449.867], [634.874, 449.349], [634.56, 448.816], [634.246, 448.283], [633.942, 447.762], [633.655, 447.268], [633.394, 446.814], [633.169, 446.414], [632.988, 446.083], [632.859, 445.833], [632.793, 445.678], [632.797, 445.633], [632.88, 445.711]]",actual,8.1014,0.005579,0.071231,0.00096694,50.0,06,,,
L0034,50013,50014,66,41.851,False,"[[576.36, 567.871], [584.04, 557.671], [592.32, 545.311], [591.6, 541.591], [585.96, 539.671], [584.16, 535.591]]",actual,5.8591,0.004035,0.051516,0.00069931,50.0,06,,,
L0035,50014,50165,66,12.198,False,"[[558.36, 581.071], [570.12, 584.311]]",actual,1.7077,0.001176,0.015015,0.00020382,50.0,06,,,
L0036,50014,50179,66,11.805,False,"[[566.64, 573.991], [577.92, 577.471]]",actual,1.6527,0.001138,0.014531,0.00019726,50.0,06,,,
L0037,50014,50184,66,15.184,False,"[[581.16, 593.551], [576.72, 579.031]]",actual,2.1258,0.001464,0.018691,0.00025372,50.0,06,,,
L0038,50014,50185,66,13.054,False,"[[587.28, 583.111], [580.92, 571.711]]",actual,1.8276,0.001259,0.016069,0.00021813,50.0,06,,,
L0039,50015,50016,66,40.43,False,"[[730.2, 119.191], [724.56, 121.471], [717.24, 125.071], [718.56, 136.471], [718.503, 137.284], [718.442, 138.07], [718.376, 138.832], [718.307, 139.572], [718.234, 140.294], [718.158, 141.002], [718.081, 141.698], [718.001, 142.385], [717.921, 143.067], [717.84, 143.746], [717.759, 144.427], [717.679, 145.111], [717.599, 145.803], [717.522, 146.505], [717.446, 147.221], [717.373, 147.953], [717.304, 148.705], [717.238, 149.48], [717.177, 150.281], [717.12, 151.111]]",actual,5.6602,0.003898,0.049767,0.00067557,50.0,06,,,
L0040,50016,50021,66,31.371,False,"[[700.56, 171.511], [712.8, 158.911], [713.485, 158.929], [714.171, 158.947], [714.859, 158.965], [715.548, 158.983], [716.239, 159.001], [716.93, 159.019], [717.622, 159.037], [718.314, 159.055], [719.007, 159.073], [719.7, 159.091], [720.393, 159.109], [721.086, 159.127], [721.778, 159.145], [722.47, 159.163], [723.161, 159.181], [723.851, 159.199], [724.541, 159.217], [725.229, 159.235], [725.915, 159.253], [726.6, 159.271]]",actual,4.3919,0.003025,0.038616,0.0005242,50.0,06,,,
L0041,50016,50021,66,46.61,False,"[[699.48, 173.191], [714.6, 175.951], [720.36, 179.311], [723.96, 179.911], [728.04, 159.391]]",actual,6.5254,0.004494,0.057374,0.00077884,50.0,06,,,
L0042,50017,50018,66,60.864,False,"[[730.92, 307.591], [730.68, 301.711], [735.0, 290.551], [730.8, 270.631], [734.04, 259.711], [744.96, 262.471]]",actual,8.521,0.005868,0.07492,0.00101701,50.0,06,,,
L0043,50018,50106,66,32.151,False,"[[760.92, 242.191], [760.8, 248.911], [745.08, 262.471], [743.04, 266.671]]",actual,4.5011,0.0031,0.039576,0.00053723,50.0,06,,,
L0044,50018,50387,33,20.892,False,"[[742.32, 272.551], [743.04, 287.791], [748.08, 290.311]]",actual,2.9249,0.015229,0.104748,9.556e-05,20.0,06,,,
L0045,50019,50020,66,10.245,False,"[[683.4, 434.791], [681.0, 424.831]]",actual,1.4343,0.000988,0.012611,0.00017119,50.0,06,,,
L0046,50021,50022,66,89.106,False,"[[699.12, 175.951], [701.88, 187.471], [704.238, 187.47], [706.596, 187.468], [708.954, 187.464], [711.311, 187.459], [713.668, 187.452], [716.025, 187.445], [718.381, 187.437], [720.736, 187.429], [723.091, 187.42], [725.445, 187.411], [727.798, 187.402], [730.15, 187.393], [732.501, 187.385], [734.851, 187.377], [737.199, 187.37], [739.547, 187.364], [741.892, 187.358], [744.237, 187.355], [746.579, 187.352], [748.92, 187.351], [747.72, 190.591], [732.24, 196.471], [729.36, 199.711], [733.2, 204.151]]",actual,12.4748,0.008591,0.109685,0.00148893,50.0,06,,,
L0047,50021,50071,66,58.427,False,"[[697.2, 173.191], [677.16, 145.591], [669.96, 137.191], [658.08, 131.311]]",actual,8.1798,0.005633,0.07192,0.00097629,50.0,06,,,
L0048,50021,50110,66,35.985,False,"[[696.48, 174.391], [690.0, 174.391], [686.28, 178.231], [671.52, 175.351], [671.52, 166.231]]",actual,5.0379,0.00347,0.044296,0.0006013,50.0,06,,,
L0049,50021,50134,66,38.598,False,"[[697.8, 173.191], [702.84, 159.271], [706.44, 135.751]]",actual,5.4037,0.003722,0.047512,0.00064496,50.0,06,,,
L0050,50022,50069,66,32.297,False,"[[727.32, 235.111], [730.32, 215.911], [740.64, 208.231]]",actual,4.5216,0.003114,0.039756,0.00053967,50.0,06,,,
L0051,50023,50024,66,54.007,False,"[[514.68, 446.071], [510.72, 459.511], [483.72, 460.111], [471.24, 463.711]]",actual,7.561,0.005207,0.06648,0.00090244,50.0,06,,,
L0052,50023,50075,66,42.676,False,"[[516.12, 446.311], [517.92, 432.631], [516.877, 431.766], [515.801, 430.9], [514.696, 430.032], [513.565, 429.163], [512.413, 428.292], [511.242, 427.421], [510.057, 426.549], [508.86, 425.677], [507.654, 424.804], [506.445, 423.931], [505.235, 423.058], [504.027, 422.185], [502.825, 421.313], [501.633, 420.441], [500.454, 419.57], [499.292, 418.7], [498.15, 417.83], [497.032, 416.963], [495.94, 416.096], [494.88, 415.231]]",actual,5.9746,0.004115,0.052532,0.0007131,50.0,06,,,
L0053,50023,50084,66,11.005,False,"[[533.16, 437.071], [542.88, 442.231]]",actual,1.5407,0.001061,0.013547,0.00018389,50.0,06,,,
L0054,50023,50076,66,11.967,False,"[[518.28, 459.391], [516.84, 447.511]]",actual,1.6754,0.001154,0.014731,0.00019996,50.0,06,,,
L0055,50023,50166,66,16.512,False,"[[526.32, 432.271], [526.32, 423.391], [533.64, 421.231]]",actual,2.3117,0.001592,0.020325,0.00027591,50.0,06,,,
L0056,50024,50051,66,69.246,False,"[[470.88, 463.591], [455.28, 472.831], [458.4, 438.991], [447.48, 425.791]]",actual,9.6944,0.006677,0.085238,0.00115707,50.0,06,,,
L0057,50025,50026,66,88.415,False,"[[599.76, 867.151], [599.76, 876.151], [615.96, 885.031], [617.76, 895.111], [618.12, 903.871], [608.28, 914.311], [599.28, 917.191], [595.08, 923.431], [594.388, 923.485], [593.748, 923.539], [593.153, 923.593], [592.599, 923.647], [592.08, 923.701], [591.589, 923.755], [591.122, 923.809], [590.672, 923.863], [590.233, 923.917], [589.8, 923.971], [589.367, 924.025], [588.928, 924.079], [588.478, 924.133], [588.011, 924.187], [587.52, 924.241], [587.001, 924.295], [586.447, 924.349], [585.852, 924.403], [585.212, 924.457], [584.52, 924.511]]",actual,12.3781,0.008525,0.108834,0.00147738,50.0,06,,,
L0058,50025,50080,66,159.118,False,"[[600.12, 865.831], [609.0, 865.831], [616.08, 851.671], [609.0, 823.591], [595.92, 800.071], [589.92, 800.071], [589.614, 799.998], [589.308, 799.924], [589.002, 799.848], [588.696, 799.771], [588.39, 799.692], [588.084, 799.613], [587.778, 799.533], [587.472, 799.453], [587.166, 799.372], [586.86, 799.291], [586.554, 799.21], [586.248, 799.129], [585.942, 799.049], [585.636, 798.969], [585.33, 798.89], [585.024, 798.812], [584.718, 798.735], [584.412, 798.659], [584.106, 798.584], [583.8, 798.511], [570.36, 779.911], [569.64, 765.031], [563.64, 755.551], [562.947, 755.4], [562.204, 755.268], [561.416, 755.153], [560.589, 755.053], [559.729, 754.966], [558.84, 754.89], [557.93, 754.823], [557.003, 754.762], [556.064, 754.706], [555.12, 754.651], [554.176, 754.597], [553.237, 754.54], [552.31, 754.479], [551.4, 754.412], [550.511, 754.336], [549.651, 754.249], [548.824, 754.15], [548.036, 754.035], [547.293, 753.903], [546.6, 753.751]]",actual,22.2765,0.015342,0.195866,0.0026588,50.0,06,,,
L0059,50027,50028,66,53.988,False,"[[634.68, 444.631], [638.16, 450.751], [666.72, 428.071], [670.32, 437.911]]",actual,7.5583,0.005205,0.066456,0.00090212,50.0,06,,,
L0060,50028,50093,66,56.378,False,"[[647.88, 490.471], [670.32, 438.751]]",actual,7.8929,0.005436,0.069398,0.00094205,50.0,06,,,
L0061,50028,50139,66,13.186,False,"[[664.32, 453.151], [661.32, 440.311]]",actual,1.846,0.001271,0.016231,0.00022033,50.0,06,,,
L0062,50028,50164,66,12.117,False,"[[661.8, 431.671], [660.12, 419.671]]",actual,1.6964,0.001168,0.014915,0.00020247,50.0,06,,,
L0063,50029,50030,66,132.889,False,"[[275.76, 105.631], [274.92, 116.311], [276.84, 120.991], [276.6, 123.871], [275.16, 125.551], [249.84, 133.351], [222.72, 140.071], [179.64, 152.911], [178.08, 145.471], [175.32, 141.271]]",actual,18.6045,0.012813,0.163579,0.00222052,50.0,06,,,
L0064,50029,50345,66,93.09,False,"[[339.12, 106.951], [338.76, 92.071], [338.162, 92.05], [337.524, 92.022], [336.85, 91.988], [336.144, 91.949], [335.411, 91.906], [334.656, 91.859], [333.883, 91.81], [333.096, 91.758], [332.3, 91.705], [331.5, 91.651], [330.7, 91.597], [329.904, 91.544], [329.117, 91.492], [328.344, 91.443], [327.589, 91.396], [326.856, 91.353], [326.15, 91.314], [325.476, 91.281], [324.838, 91.253], [324.24, 91.231], [302.04, 98.191], [293.76, 112.111], [281.64, 112.111], [278.52, 107.311], [272.28, 106.111]]",actual,13.0326,0.008976,0.114589,0.0015555,50.0,06,,,
L0065,50030,50116,66,38.919,False,"[[211.2, 125.311], [175.44, 140.671]]",actual,5.4487,0.003753,0.047907,0.00065032,50.0,06,,,
L0066,50031,50032,66,47.625,False,"[[275.4, 116.071], [268.8, 115.591], [262.56, 112.951], [254.52, 109.231], [247.68, 111.151], [244.56, 93.151]]",actual,6.6675,0.004592,0.058624,0.0007958,50.0,06,,,
L0067,50032,50116,66,53.158,False,"[[241.56, 93.511], [243.36, 111.631], [211.2, 125.311]]",actual,7.4421,0.005125,0.065435,0.00088825,50.0,06,,,
L0068,50032,50167,66,31.732,False,"[[242.52, 98.431], [234.12, 100.231], [236.04, 82.111], [231.24, 81.031]]",actual,4.4425,0.00306,0.03906,0.00053023,50.0,06,,,
L0069,50033,50105,66,29.769,False,"[[152.16, 418.591], [156.0, 389.071]]",actual,4.1677,0.00287,0.036644,0.00049743,50.0,06,,,
L0070,50033,50091,66,41.354,False,"[[147.6, 386.911], [144.24, 375.871], [133.92, 364.951], [131.64, 356.911], [126.48, 360.751]]",actual,5.7896,0.003987,0.050905,0.00069101,50.0,06,,,
L0071,50033,50091,66,19.187,False,"[[134.76, 366.151], [139.92, 347.671]]",actual,2.6862,0.00185,0.023618,0.00032061,50.0,06,,,
L0072,50033,50369,33,56.877,False,"[[128.52, 393.511], [141.96, 370.591], [146.76, 376.231], [150.72, 392.071], [144.6, 394.471]]",actual,7.9628,0.041459,0.285168,0.00026014,20.0,06,,,
L0073,50034,50035,66,27.005,False,"[[362.76, 689.551], [374.16, 690.871], [377.76, 692.911], [381.72, 703.591]]",actual,3.7807,0.002604,0.033242,0.00045124,50.0,06,,,
L0074,50034,50035,66,22.866,False,"[[351.12, 695.191], [372.48, 703.351]]",actual,3.2012,0.002205,0.028147,0.00038208,50.0,06,,,
685J,50034,50078,66,17.003,False,"[[313.68, 693.991], [330.6, 695.671]]",actual,2.3804,0.001639,0.02093,0.00028411,50.0,06,,,
682C,50035,50064,66,69.356,False,"[[373.8, 704.431], [363.0, 706.951], [360.48, 719.311], [339.36, 726.511], [325.92, 745.591]]",actual,9.7098,0.006687,0.085373,0.00115891,50.0,06,,,
L0075,50035,50082,66,42.864,False,"[[375.24, 700.951], [390.6, 698.671], [390.24, 687.511], [389.52, 678.631], [387.72, 675.151], [384.6, 676.351]]",actual,6.001,0.004133,0.052763,0.00071624,50.0,06,,,
L0076,50035,50092,66,29.047,False,"[[411.24, 729.511], [411.582, 729.457], [411.924, 729.403], [412.266, 729.349], [412.607, 729.295], [412.948, 729.241], [413.289, 729.187], [413.629, 729.133], [413.968, 729.079], [414.307, 729.025], [414.645, 728.971], [414.982, 728.917], [415.318, 728.863], [415.653, 728.809], [415.987, 728.755], [416.319, 728.701], [416.651, 728.647], [416.98, 728.593], [417.309, 728.539], [417.635, 728.485], [417.96, 728.431], [419.16, 707.311], [419.28, 706.231]]",actual,4.0666,0.002801,0.035755,0.00048536,50.0,06,,,
L0077,50035,50081,66,64.584,False,"[[463.44, 720.991], [447.6, 717.151], [441.96, 708.151], [419.4, 706.711], [418.464, 706.637], [417.532, 706.561], [416.605, 706.482], [415.686, 706.401], [414.778, 706.319], [413.884, 706.237], [413.007, 706.155], [412.15, 706.074], [411.315, 705.994], [410.505, 705.916], [409.723, 705.841], [408.972, 705.769], [408.254, 705.702], [407.572, 705.639], [406.929, 705.581], [406.329, 705.529], [405.773, 705.483], [405.264, 705.444], [404.805, 705.414], [404.4, 705.391]]",actual,9.0418,0.006227,0.079499,0.00107917,50.0,06,,,
L0078,50037,50038,66,132.679,False,"[[408.6, 301.471], [420.24, 303.511], [425.16, 317.311], [429.0, 371.551], [428.52, 405.391], [431.4, 423.151]]",actual,18.5751,0.012793,0.163321,0.00221702,50.0,06,,,
L0079,50037,50072,66,27.31,False,"[[410.04, 299.431], [419.04, 291.391], [428.88, 279.751]]",actual,3.8234,0.002633,0.033617,0.00045634,50.0,06,,,
L0080,50037,50051,66,140.349,False,"[[407.52, 300.871], [405.36, 343.351], [420.72, 388.471], [440.52, 399.391], [447.84, 417.031], [445.68, 425.191]]",actual,19.6489,0.013532,0.172762,0.00234518,50.0,06,,,
L0081,50039,50119,66,23.074,False,"[[302.16, 386.191], [314.4, 366.631]]",actual,3.2304,0.002225,0.028403,0.00038556,50.0,06,,,
L0082,50039,50124,66,48.892,False,"[[332.04, 399.631], [336.72, 388.351], [336.583, 387.142], [336.426, 385.888], [336.249, 384.587], [336.053, 383.234], [335.839, 381.828], [335.608, 380.365], [335.36, 378.841], [335.098, 377.254], [334.821, 375.6], [334.53, 373.876], [334.227, 372.08], [333.912, 370.207], [333.586, 368.255], [333.251, 366.221], [332.906, 364.102], [332.554, 361.894], [332.194, 359.594], [331.828, 357.199], [331.456, 354.706], [331.08, 352.111]]",actual,6.8449,0.004714,0.060183,0.00081697,50.0,06,,,
L0083,50039,50125,66,68.611,False,"[[331.08, 352.111], [323.28, 334.111], [319.92, 320.311], [312.6, 306.271], [306.6, 301.471], [304.32, 290.431]]",actual,9.6055,0.006615,0.084456,0.00114646,50.0,06,,,
L0084,50039,50373,33,52.716,False,"[[313.56, 364.231], [309.84, 359.071], [309.96, 350.911], [311.054, 349.921], [312.108, 348.966], [313.125, 348.04], [314.111, 347.141], [315.069, 346.265], [316.005, 345.408], [316.922, 344.565], [317.824, 343.734], [318.717, 342.911], [319.605, 342.091], [320.492, 341.272], [321.382, 340.448], [322.28, 339.617], [323.191, 338.775], [324.118, 337.917], [325.067, 337.041], [326.041, 336.142], [327.045, 335.217], [328.083, 334.261], [329.16, 333.271], [329.161, 332.891], [329.163, 332.439], [329.167, 331.924], [329.172, 331.354], [329.179, 330.736], [329.186, 330.079], [329.194, 329.39], [329.202, 328.677], [329.211, 327.948], [329.22, 327.211], [329.229, 326.475], [329.238, 325.746], [329.246, 325.033], [329.254, 324.344], [329.261, 323.686], [329.268, 323.068], [329.273, 322.498], [329.277, 321.983], [329.279, 321.531], [329.28, 321.151]]",actual,7.3802,0.038426,0.264306,0.00024111,20.0,06,,,
L0085,50040,50041,66,47.564,False,"[[301.32, 406.111], [291.96, 389.671], [302.16, 389.071], [313.68, 393.391], [317.16, 398.431]]",actual,6.659,0.004586,0.058549,0.00079478,50.0,06,,,
L0086,50040,50117,66,69.839,False,"[[299.04, 407.071], [289.08, 389.791], [284.64, 390.271], [278.64, 401.071], [270.96, 405.151], [261.84, 412.231], [250.2, 417.631]]",actual,9.7775,0.006734,0.085968,0.00116698,50.0,06,,,
L0087,50040,50119,66,20.628,False,"[[301.68, 407.431], [310.08, 388.591]]",actual,2.8879,0.001989,0.025392,0.00034469,50.0,06,,,
L0088,50041,50056,66,41.153,False,"[[322.2, 393.631], [283.56, 379.471]]",actual,5.7614,0.003968,0.050657,0.00068765,50.0,06,,,
L0089,50041,50073,66,97.621,False,"[[383.16, 442.351], [361.44, 421.831], [324.6, 394.471], [322.2, 416.191]]",actual,13.6669,0.009412,0.120166,0.00163121,50.0,06,,,
L0090,50042,50043,66,21.66,False,"[[613.68, 170.311], [620.04, 161.191], [629.76, 157.111]]",actual,3.0324,0.002088,0.026662,0.00036193,50.0,06,,,
L0091,50043,50068,66,43.752,False,"[[629.4, 157.231], [624.12, 154.471], [623.88, 139.351], [601.92, 144.991]]",actual,6.1253,0.004219,0.053856,0.00073108,50.0,06,,,
L0092,50043,50153,66,26.263,False,"[[637.32, 169.831], [624.36, 167.431], [624.12, 154.351]]",actual,3.6768,0.002532,0.032328,0.00043884,50.0,06,,,
L0093,50043,50375,33,40.081,False,"[[630.48, 199.831], [630.24, 159.751]]",actual,5.6113,0.029216,0.200957,0.00018332,20.0,06,,,
L0094,50046,50047,66,10.026,False,"[[454.32, 89.071], [461.04, 96.511]]",actual,1.4036,0.000967,0.012341,0.00016753,50.0,06,,,
L0095,50046,50070,66,57.166,False,"[[521.64, 83.311], [483.36, 84.991], [464.52, 84.391]]",actual,8.0032,0.005512,0.070368,0.00095522,50.0,06,,,
L0096,50046,50348,66,100.254,False,"[[460.44, 83.551], [441.72, 98.911], [386.4, 93.991], [370.92, 80.551]]",actual,14.0356,0.009666,0.123407,0.00167521,50.0,06,,,
691L,50048,50189,66,10.36,False,"[[403.92, 520.231], [407.16, 530.071]]",actual,1.4504,0.000999,0.012753,0.00017311,50.0,06,,,
L0097,50049,50050,66,27.377,False,"[[138.6, 105.991], [144.96, 104.671], [144.72, 125.551]]",actual,3.8328,0.00264,0.0337,0.00045746,50.0,06,,,
L0098,50050,50115,66,44.804,False,"[[179.4, 152.911], [179.165, 152.947], [178.929, 152.983], [178.691, 153.019], [178.452, 153.055], [178.211, 153.091], [177.97, 153.127], [177.728, 153.163], [177.486, 153.199], [177.243, 153.235], [177.0, 153.271], [176.757, 153.307], [176.514, 153.343], [176.272, 153.379], [176.03, 153.415], [175.789, 153.451], [175.548, 153.487], [175.309, 153.523], [175.071, 153.559], [174.835, 153.595], [174.6, 153.631], [147.12, 134.551], [144.36, 128.671]]",actual,6.2726,0.00432,0.055151,0.00074866,50.0,06,,,
L0099,50051,50097,66,41.114,False,"[[402.48, 417.391], [442.8, 425.431]]",actual,5.756,0.003964,0.050609,0.000687,50.0,06,,,
L0100,50051,50100,66,161.461,False,"[[516.48, 288.991], [484.56, 360.391], [474.6, 410.551], [446.4, 425.911]]",actual,22.6045,0.015568,0.19875,0.00269795,50.0,06,,,
L0101,50052,50053,66,24.764,False,"[[181.44, 452.071], [180.917, 452.95], [180.424, 453.791], [179.959, 454.596], [179.517, 455.372], [179.096, 456.121], [178.692, 456.849], [178.302, 457.56], [177.923, 458.257], [177.55, 458.946], [177.18, 459.631], [176.81, 460.316], [176.437, 461.005], [176.058, 461.703], [175.668, 462.413], [175.264, 463.141], [174.843, 463.891], [174.401, 464.666], [173.936, 465.472], [173.443, 466.312], [172.92, 467.191], [172.569, 466.883], [172.234, 466.604], [171.913, 466.35], [171.605, 466.12], [171.307, 465.909], [171.019, 465.714], [170.738, 465.532], [170.462, 465.36], [170.19, 465.194], [169.92, 465.031], [169.65, 464.869], [169.378, 464.703], [169.102, 464.531], [168.821, 464.349], [168.532, 464.154], [168.235, 463.943], [167.927, 463.712], [167.606, 463.459], [167.271, 463.18], [166.92, 462.871]]",actual,3.467,0.002388,0.030483,0.0004138,50.0,06,,,
L0102,50052,50191,66,23.289,False,"[[193.08, 484.831], [193.32, 475.111], [189.72, 462.031]]",actual,3.2605,0.002245,0.028667,0.00038915,50.0,06,,,
L0103,50053,50063,66,93.994,False,"[[166.32, 463.951], [172.08, 470.551], [148.32, 531.871], [136.2, 547.111]]",actual,13.1592,0.009063,0.115702,0.0015706,50.0,06,,,
L0104,50054,50055,66,16.208,False,"[[250.8, 366.991], [243.36, 381.391]]",actual,2.2691,0.001563,0.019951,0.00027083,50.0,06,,,
L0105,50054,50056,66,35.792,False,"[[283.56, 379.471], [249.84, 367.471]]",actual,5.0109,0.003451,0.044058,0.00059807,50.0,06,,,
L0106,50055,50117,66,29.88,False,"[[247.56, 418.951], [247.56, 389.071]]",actual,4.1832,0.002881,0.036781,0.00049928,50.0,06,,,
L0107,50058,50059,66,21.311,False,"[[168.48, 353.071], [182.04, 336.631]]",actual,2.9835,0.002055,0.026233,0.0003561,50.0,06,,,
L0108,50059,50062,66,56.686,False,"[[237.6, 341.671], [223.56, 336.991], [181.68, 336.271]]",actual,7.936,0.005466,0.069777,0.0009472,50.0,06,,,
L0109,50059,50158,66,13.159,False,"[[182.04, 336.271], [173.04, 326.671]]",actual,1.8423,0.001269,0.016198,0.00021988,50.0,06,,,
691F,50060,50061,66,15.791,False,"[[521.76, 493.471], [518.64, 508.951]]",actual,2.2107,0.001523,0.019438,0.00026386,50.0,06,,,
L0110,50060,50076,66,28.175,False,"[[529.2, 464.311], [522.0, 491.551]]",actual,3.9445,0.002717,0.034682,0.00047079,50.0,06,,,
L0111,50065,50066,66,35.912,False,"[[251.4, 708.031], [255.84, 698.071], [279.6, 705.871]]",actual,5.0277,0.003463,0.044206,0.00060008,50.0,06,,,
685F,50065,50156,66,17.999,False,"[[255.72, 697.831], [245.52, 698.911], [243.0, 706.231]]",actual,2.5199,0.001735,0.022156,0.00030076,50.0,06,,,
L0112,50067,50068,66,162.757,False,"[[514.44, 129.751], [514.2, 96.271], [520.2, 92.551], [521.599, 92.61], [523.192, 92.712], [524.962, 92.854], [526.888, 93.031], [528.954, 93.241], [531.141, 93.48], [533.431, 93.744], [535.806, 94.03], [538.246, 94.333], [540.735, 94.651], [543.253, 94.98], [545.783, 95.316], [548.306, 95.656], [550.804, 95.995], [553.258, 96.331], [555.651, 96.66], [557.964, 96.978], [560.178, 97.282], [562.277, 97.567], [564.24, 97.831], [568.2, 94.831], [572.64, 98.911], [596.04, 103.231], [594.48, 120.391], [598.92, 145.831]]",actual,22.786,0.015693,0.200345,0.00271961,50.0,06,,,
L0113,50067,50099,66,38.187,False,"[[516.0, 168.751], [514.56, 130.591]]",actual,5.3462,0.003682,0.047006,0.00063809,50.0,06,,,
L0114,50068,50071,66,61.2,False,"[[601.2, 143.191], [607.8, 136.951], [641.28, 127.471], [641.771, 127.563], [642.372, 127.692], [643.072, 127.855], [643.857, 128.046], [644.715, 128.262], [645.635, 128.499], [646.603, 128.753], [647.608, 129.019], [648.638, 129.293], [649.68, 129.571], [650.722, 129.849], [651.752, 130.124], [652.757, 130.39], [653.725, 130.643], [654.645, 130.88], [655.503, 131.096], [656.288, 131.287], [656.987, 131.45], [657.589, 131.579], [658.08, 131.671]]",actual,8.568,0.005901,0.075334,0.00102263,50.0,06,,,
L0115,50068,50111,66,23.819,False,"[[599.88, 148.111], [584.28, 166.111]]",actual,3.3347,0.002297,0.02932,0.00039801,50.0,06,,,
L0116,50068,50133,66,74.871,False,"[[602.16, 146.431], [597.0, 119.671], [598.92, 103.471], [599.928, 102.949], [600.936, 102.427], [601.944, 101.906], [602.951, 101.384], [603.958, 100.863], [604.965, 100.342], [605.971, 99.822], [606.976, 99.303], [607.981, 98.784], [608.985, 98.266], [609.988, 97.749], [610.99, 97.233], [611.991, 96.718], [612.991, 96.204], [613.989, 95.692], [614.987, 95.181], [615.982, 94.671], [616.976, 94.163], [617.969, 93.656], [618.96, 93.151], [619.2, 84.391]]",actual,10.4819,0.007219,0.092162,0.00125107,50.0,06,,,
L0117,50071,50110,66,38.783,False,"[[671.52, 166.951], [671.16, 158.431], [662.88, 149.551], [660.36, 138.871], [657.36, 132.391]]",actual,5.4296,0.003739,0.04774,0.00064805,50.0,06,,,
L0118,50071,50151,66,13.259,False,"[[657.36, 134.071], [652.56, 146.431]]",actual,1.8563,0.001278,0.016321,0.00022155,50.0,06,,,
L0119,50072,50188,66,11.233,False,"[[418.56, 291.511], [415.08, 280.831]]",actual,1.5726,0.001083,0.013827,0.0001877,50.0,06,,,
L0120,50073,50097,66,28.585,False,"[[385.92, 440.431], [402.84, 417.391]]",actual,4.0019,0.002756,0.035187,0.00047764,50.0,06,,,
L0121,50075,50132,66,15.72,False,"[[512.04, 414.511], [496.32, 414.511]]",actual,2.2008,0.001516,0.01935,0.00026268,50.0,06,,,
L0122,50075,50160,66,47.825,False,"[[483.84, 460.351], [483.72, 444.631], [489.48, 427.591], [496.08, 415.111]]",actual,6.6955,0.004611,0.05887,0.00079914,50.0,06,,,
L0123,50076,50087,66,66.808,False,"[[578.76, 486.631], [517.92, 459.031]]",actual,9.3531,0.006442,0.082237,0.00111634,50.0,06,,,
685H,50078,50079,66,55.142,False,"[[314.4, 694.351], [272.64, 708.151], [266.04, 717.151]]",actual,7.7199,0.005317,0.067877,0.0009214,50.0,06,,,
L0124,50078,50088,66,40.604,False,"[[316.56, 690.751], [328.2, 682.471], [348.36, 665.551]]",actual,5.6846,0.003915,0.049981,0.00067848,50.0,06,,,
684J,50080,50081,66,102.176,False,"[[546.84, 752.911], [546.0, 746.431], [534.6, 735.751], [508.8, 727.471], [497.76, 719.431], [477.6, 710.311], [463.32, 719.791]]",actual,14.3046,0.009852,0.125773,0.00170732,50.0,06,,,
L0125,50081,50136,66,12.783,False,"[[472.68, 731.791], [464.52, 721.951]]",actual,1.7896,0.001233,0.015735,0.0002136,50.0,06,,,
694K,50083,50405,66,95.083,False,"[[543.6, 605.671], [521.28, 622.231], [501.48, 681.631], [498.468, 685.21]]",actual,13.3116,0.009168,0.117042,0.0015888,50.0,06,,,
L0126,50085,50086,66,49.647,False,"[[577.08, 438.511], [583.44, 402.991], [583.68, 389.431]]",actual,6.9506,0.004787,0.061113,0.00082958,50.0,06,,,
L0127,50085,50087,66,32.713,False,"[[565.2, 468.991], [577.08, 438.511]]",actual,4.5798,0.003154,0.040268,0.00054662,50.0,06,,,
L0128,50086,50131,66,41.521,False,"[[583.44, 387.871], [581.016, 387.873], [578.704, 387.878], [576.491, 387.886], [574.364, 387.896], [572.312, 387.909], [570.321, 387.923], [568.38, 387.939], [566.475, 387.956], [564.594, 387.973], [562.725, 387.991], [560.855, 388.009], [558.972, 388.027], [557.062, 388.044], [555.114, 388.059], [553.116, 388.074], [551.053, 388.086], [548.915, 388.097], [546.689, 388.104], [544.361, 388.109], [541.92, 388.111]]",actual,5.8129,0.004003,0.05111,0.0006938,50.0,06,,,
L0129,50087,50095,66,27.268,False,"[[576.48, 511.351], [575.88, 499.351], [572.64, 492.631], [573.96, 484.951]]",actual,3.8175,0.002629,0.033565,0.00045564,50.0,06,,,
L0130,50088,50371,33,103.106,False,"[[431.64, 623.431], [410.28, 643.591], [409.384, 643.632], [408.262, 643.683], [406.937, 643.743], [405.437, 643.81], [403.785, 643.884], [402.007, 643.963], [400.129, 644.046], [398.174, 644.133], [396.17, 644.221], [394.14, 644.311], [392.11, 644.401], [390.106, 644.49], [388.151, 644.576], [386.273, 644.66], [384.495, 644.739], [382.843, 644.812], [381.343, 644.879], [380.018, 644.939], [378.896, 644.99], [378.0, 645.031], [356.04, 655.591], [351.96, 672.151]]",actual,14.4348,0.075157,0.51695,0.00047159,20.0,06,,,
L0131,50090,50091,66,33.301,False,"[[113.28, 330.751], [116.16, 333.991], [115.68, 346.471], [125.04, 360.031]]",actual,4.6621,0.003211,0.040992,0.00055645,50.0,06,,,
L0132,50090,50121,66,34.33,False,"[[119.88, 301.711], [110.16, 309.631], [110.4, 313.591], [114.12, 318.031], [114.84, 324.871], [113.76, 329.911]]",actual,4.8062,0.00331,0.042258,0.00057364,50.0,06,,,
L0133,50092,50372,33,43.544,False,"[[411.6, 726.031], [422.16, 724.711], [421.92, 728.911], [419.28, 742.471], [419.28, 752.671], [423.96, 752.671]]",actual,6.0962,0.03174,0.21832,0.00019916,20.0,06,,,
L0134,50098,50099,66,41.163,False,"[[479.04, 187.351], [516.0, 169.231]]",actual,5.7628,0.003969,0.050669,0.00068782,50.0,06,,,
L0135,50098,50100,66,108.204,False,"[[516.6, 290.071], [479.16, 188.551]]",actual,15.1486,0.010433,0.133193,0.00180805,50.0,06,,,
L0136,50098,50101,66,84.009,False,"[[476.88, 187.711], [425.4, 172.471], [396.6, 162.991]]",actual,11.7613,0.0081,0.103411,0.00140376,50.0,06,,,
L0137,50100,50114,66,39.35,False,"[[533.16, 251.431], [516.48, 287.071]]",actual,5.509,0.003794,0.048438,0.00065752,50.0,06,,,
L0138,50100,50154,66,13.217,False,"[[511.92, 299.551], [505.44, 288.031]]",actual,1.8504,0.001274,0.016269,0.00022085,50.0,06,,,
L0139,50100,50395,33,22.789,False,"[[499.56, 273.871], [510.48, 282.631], [515.16, 290.071]]",actual,3.1905,0.016611,0.114259,0.00010423,20.0,06,,,
L0140,50102,50103,66,20.769,False,"[[184.92, 387.991], [189.84, 384.511], [189.6, 378.871], [189.407, 378.633], [189.19, 378.355], [188.951, 378.041], [188.693, 377.695], [188.419, 377.322], [188.131, 376.927], [187.833, 376.514], [187.526, 376.087], [187.215, 375.651], [186.9, 375.211], [186.585, 374.771], [186.274, 374.335], [185.967, 373.908], [185.669, 373.495], [185.381, 373.1], [185.107, 372.727], [184.849, 372.381], [184.61, 372.067], [184.393, 371.789], [184.2, 371.551]]",actual,2.9077,0.002003,0.025566,0.00034704,50.0,06,,,
L0141,50102,50120,66,20.292,False,"[[184.44, 388.351], [179.04, 407.911]]",actual,2.8409,0.001957,0.024978,0.00033907,50.0,06,,,
L0142,50104,50105,66,19.431,False,"[[165.96, 431.791], [152.16, 418.111]]",actual,2.7203,0.001874,0.023919,0.00032468,50.0,06,,,
L0143,50107,50108,66,64.241,False,"[[363.36, 578.431], [347.04, 577.111], [346.8, 537.631], [347.133, 537.469], [347.482, 537.307], [347.845, 537.145], [348.221, 536.982], [348.607, 536.819], [349.003, 536.656], [349.406, 536.492], [349.814, 536.328], [350.226, 536.162], [350.64, 535.996], [351.054, 535.829], [351.466, 535.661], [351.874, 535.492], [352.277, 535.322], [352.672, 535.151], [353.059, 534.978], [353.435, 534.803], [353.798, 534.628], [354.147, 534.45], [354.48, 534.271]]",actual,8.9937,0.006194,0.079077,0.00107344,50.0,06,,,
L0144,50108,50147,66,19.359,False,"[[356.28, 528.511], [354.6, 532.351], [355.8, 547.471]]",actual,2.7103,0.001867,0.02383,0.00032348,50.0,06,,,
691C,50109,50396,33,62.741,False,"[[448.08, 477.631], [445.8, 482.551], [471.96, 533.551]]",actual,8.7837,0.045734,0.314569,0.00028696,20.0,06,,,
L0145,50110,50374,33,60.644,False,"[[680.76, 170.551], [680.454, 171.073], [680.148, 171.595], [679.842, 172.118], [679.536, 172.64], [679.23, 173.163], [678.924, 173.686], [678.618, 174.21], [678.312, 174.735], [678.006, 175.26], [677.7, 175.786], [677.394, 176.313], [677.088, 176.841], [676.782, 177.37], [676.476, 177.9], [676.17, 178.432], [675.864, 178.965], [675.558, 179.499], [675.252, 180.035], [674.946, 180.572], [674.64, 181.111], [675.0, 222.991], [678.72, 228.391]]",actual,8.4902,0.044205,0.304055,0.00027737,20.0,06,,,
L0146,50111,50112,66,29.69,False,"[[584.28, 166.111], [564.84, 188.551]]",actual,4.1566,0.002863,0.036547,0.00049611,50.0,06,,,
L0147,50112,50113,66,25.825,False,"[[564.12, 188.911], [558.48, 195.511], [551.64, 211.231]]",actual,3.6155,0.00249,0.031789,0.00043153,50.0,06,,,
L0148,50113,50114,66,44.244,False,"[[551.64, 211.231], [533.16, 251.431]]",actual,6.1942,0.004266,0.054462,0.0007393,50.0,06,,,
L0149,50122,50123,66,62.265,False,"[[116.16, 346.351], [97.68, 349.471], [87.72, 358.231], [86.91, 358.213], [86.1, 358.195], [85.29, 358.177], [84.481, 358.159], [83.672, 358.141], [82.863, 358.123], [82.055, 358.105], [81.248, 358.087], [80.441, 358.069], [79.635, 358.051], [78.83, 358.033], [78.026, 358.015], [77.223, 357.997], [76.421, 357.979], [75.621, 357.961], [74.821, 357.943], [74.024, 357.925], [73.227, 357.907], [72.433, 357.889], [71.64, 357.871], [57.84, 354.631]]",actual,8.7171,0.006004,0.076645,0.00104042,50.0,06,,,
L0150,50123,50190,66,13.922,False,"[[67.68, 370.591], [67.44, 356.671]]",actual,1.9491,0.001342,0.017137,0.00023263,50.0,06,,,
L0151,50124,50126,66,31.754,False,"[[340.32, 436.351], [336.24, 411.151], [339.12, 405.631]]",actual,4.4456,0.003062,0.039087,0.0005306,50.0,06,,,
685C,50130,50144,66,25.336,False,"[[319.68, 622.111], [312.24, 622.711], [307.68, 639.991]]",actual,3.547,0.002443,0.031187,0.00042335,50.0,06,,,
L0152,50130,50171,66,16.04,False,"[[340.08, 629.791], [330.72, 628.591], [324.48, 630.751]]",actual,2.2456,0.001547,0.019744,0.00026802,50.0,06,,,
L0153,50131,50132,66,40.414,False,"[[542.28, 388.111], [511.68, 414.511]]",actual,5.658,0.003897,0.049747,0.0006753,50.0,06,,,
L0154,50137,50138,66,12.49,False,"[[446.4, 724.711], [444.6, 712.351]]",actual,1.7486,0.001204,0.015375,0.0002087,50.0,06,,,
L0155,50140,50141,66,22.579,False,"[[366.84, 459.631], [347.28, 448.351]]",actual,3.1611,0.002177,0.027794,0.00037729,50.0,06,,,
691J,50140,50142,66,16.825,False,"[[372.12, 463.231], [367.08, 459.511], [360.84, 468.031]]",actual,2.3555,0.001622,0.020711,0.00028114,50.0,06,,,
L0156,50140,50142,66,16.264,False,"[[366.6, 459.271], [352.2, 466.831]]",actual,2.277,0.001568,0.02002,0.00027177,50.0,06,,,
L0157,50146,50382,33,38.041,False,"[[365.16, 338.191], [391.44, 355.231], [398.16, 355.231]]",actual,5.3257,0.027729,0.190729,0.00017399,20.0,06,,,
L0158,50148,50149,66,15.108,False,"[[272.28, 405.031], [270.48, 390.031]]",actual,2.1151,0.001457,0.018597,0.00025245,50.0,06,,,
L0159,50148,50175,66,13.862,False,"[[264.24, 426.271], [260.4, 412.951]]",actual,1.9407,0.001337,0.017063,0.00023163,50.0,06,,,
L0160,50149,50370,33,107.011,False,"[[231.0, 470.911], [231.247, 470.911], [231.518, 470.911], [231.811, 470.911], [232.122, 470.911], [232.449, 470.911], [232.79, 470.911], [233.14, 470.911], [233.498, 470.911], [233.861, 470.911], [234.225, 470.911], [234.589, 470.911], [234.948, 470.911], [235.302, 470.911], [235.646, 470.911], [235.978, 470.911], [236.295, 470.911], [236.595, 470.911], [236.874, 470.911], [237.13, 470.911], [237.36, 470.911], [237.24, 468.751], [254.4, 451.351], [254.76, 427.831], [258.36, 409.231], [258.36, 389.071], [258.921, 389.059], [259.486, 389.059], [260.055, 389.069], [260.628, 389.087], [261.204, 389.114], [261.783, 389.148], [262.362, 389.187], [262.943, 389.231], [263.524, 389.277], [264.105, 389.326], [264.685, 389.376], [265.263, 389.425], [265.84, 389.473], [266.413, 389.519], [266.983, 389.561], [267.549, 389.597], [268.11, 389.628], [268.666, 389.651], [269.216, 389.666], [269.76, 389.671]]",actual,14.9815,0.078003,0.536529,0.00048945,20.0,06,,,
L0161,50161,50163,66,12.618,False,"[[568.68, 427.711], [575.4, 417.031]]",actual,1.7665,0.001217,0.015532,0.00021084,50.0,06,,,
L0162,50168,50169,66,12.097,False,"[[332.16, 362.551], [342.36, 357.271], [342.96, 357.151]]",actual,1.6936,0.001166,0.014891,0.00020214,50.0,06,,,
L0163,50173,50174,66,21.96,False,"[[558.12, 387.631], [558.12, 365.671]]",actual,3.0744,0.002117,0.027032,0.00036694,50.0,06,,,
L0164,50177,50178,66,12.198,False,"[[548.04, 473.071], [544.8, 484.831]]",actual,1.7077,0.001176,0.015015,0.00020382,50.0,06,,,
L0165,50180,50181,66,10.584,False,"[[556.2, 96.991], [556.92, 107.551]]",actual,1.4818,0.00102,0.013028,0.00017685,50.0,06,,,
L0166,50194,50195,66,53.845,False,"[[747.0, 656.311], [747.091, 656.13], [747.183, 655.847], [747.277, 655.474], [747.372, 655.021], [747.469, 654.5], [747.566, 653.922], [747.664, 653.299], [747.762, 652.642], [747.861, 651.962], [747.96, 651.271], [748.059, 650.58], [748.158, 649.9], [748.256, 649.243], [748.354, 648.62], [748.451, 648.042], [748.548, 647.521], [748.643, 647.068], [748.737, 646.695], [748.829, 646.412], [748.92, 646.231], [749.154, 646.141], [749.388, 646.051], [749.622, 645.961], [749.856, 645.871], [750.09, 645.781], [750.324, 645.691], [750.558, 645.601], [750.792, 645.511], [751.026, 645.421], [751.26, 645.331], [751.494, 645.241], [751.728, 645.151], [751.962, 645.061], [752.196, 644.971], [752.43, 644.881], [752.664, 644.791], [752.898, 644.701], [753.132, 644.611], [753.366, 644.521], [753.6, 644.431], [742.32, 631.471], [738.12, 619.471], [738.48, 610.831]]",actual,7.5383,0.005192,0.06628,0.00089973,50.0,06,,,
L0167,50194,50196,66,59.802,False,"[[750.36, 597.751], [742.08, 600.991], [731.16, 606.391], [733.08, 623.071], [733.004, 624.307], [732.919, 625.497], [732.828, 626.647], [732.73, 627.762], [732.626, 628.846], [732.518, 629.905], [732.407, 630.944], [732.293, 631.968], [732.177, 632.982], [732.06, 633.991], [731.943, 635.0], [731.827, 636.014], [731.713, 637.038], [731.602, 638.077], [731.494, 639.136], [731.39, 640.221], [731.292, 641.335], [731.201, 642.485], [731.116, 643.676], [731.04, 644.911]]",actual,8.3723,0.005766,0.073613,0.00099927,50.0,06,,,
L0168,50194,50197,66,46.736,False,"[[706.2, 675.031], [724.32, 656.431], [725.363, 656.466], [726.405, 656.5], [727.445, 656.532], [728.484, 656.563], [729.521, 656.592], [730.558, 656.621], [731.594, 656.649], [732.63, 656.677], [733.665, 656.704], [734.7, 656.731], [735.735, 656.758], [736.77, 656.785], [737.806, 656.813], [738.842, 656.841], [739.879, 656.87], [740.916, 656.9], [741.955, 656.93], [742.995, 656.963], [744.037, 656.996], [745.08, 657.031]]",actual,6.543,0.004506,0.057529,0.00078094,50.0,06,,,
L0169,50194,50197,66,69.437,False,"[[704.52, 677.671], [727.08, 681.631], [735.72, 686.671], [741.12, 687.511], [747.12, 657.031]]",actual,9.7212,0.006695,0.085473,0.00116027,50.0,06,,,
L0170,50194,50205,66,17.897,False,"[[730.08, 656.311], [731.04, 645.151], [730.701, 645.047], [730.366, 644.949], [730.036, 644.856], [729.709, 644.769], [729.386, 644.686], [729.066, 644.607], [728.747, 644.53], [728.431, 644.456], [728.115, 644.383], [727.8, 644.311], [727.485, 644.239], [727.169, 644.166], [726.853, 644.092], [726.534, 644.016], [726.214, 643.936], [725.891, 643.853], [725.564, 643.766], [725.234, 643.674], [724.899, 643.576], [724.56, 643.471]]",actual,2.5056,0.001726,0.02203,0.00029905,50.0,06,,,
L0171,50194,50206,66,28.161,False,"[[773.76, 663.631], [760.92, 660.751], [757.8, 656.791], [757.328, 656.79], [756.847, 656.788], [756.36, 656.784], [755.866, 656.78], [755.366, 656.774], [754.862, 656.769], [754.355, 656.763], [753.845, 656.757], [753.333, 656.751], [752.82, 656.746], [752.307, 656.742], [751.795, 656.739], [751.285, 656.738], [750.778, 656.738], [750.274, 656.741], [749.774, 656.745], [749.28, 656.752], [748.793, 656.762], [748.312, 656.775], [747.84, 656.791]]",actual,3.9425,0.002715,0.034665,0.00047056,50.0,06,,,
L0172,50194,50217,66,23.122,False,"[[770.52, 650.431], [770.123, 650.43], [769.759, 650.428], [769.423, 650.424], [769.113, 650.42], [768.823, 650.414], [768.551, 650.409], [768.293, 650.403], [768.045, 650.397], [767.804, 650.391], [767.565, 650.386], [767.325, 650.382], [767.081, 650.379], [766.829, 650.378], [766.564, 650.378], [766.284, 650.381], [765.985, 650.385], [765.662, 650.392], [765.313, 650.402], [764.934, 650.415], [764.52, 650.431], [764.068, 650.635], [763.545, 650.851], [762.955, 651.079], [762.305, 651.316], [761.601, 651.564], [760.847, 651.82], [760.05, 652.085], [759.215, 652.357], [758.348, 652.636], [757.455, 652.921], [756.541, 653.212], [755.612, 653.507], [754.674, 653.806], [753.732, 654.109], [752.792, 654.414], [751.86, 654.72], [750.94, 655.028], [750.04, 655.337], [749.165, 655.644], [748.32, 655.951]]",actual,3.2371,0.002229,0.028462,0.00038636,50.0,06,,,
L0173,50194,50218,66,28.072,False,"[[748.68, 655.591], [751.44, 650.671], [751.725, 650.592], [752.037, 650.5], [752.374, 650.397], [752.733, 650.283], [753.111, 650.161], [753.504, 650.032], [753.91, 649.897], [754.326, 649.757], [754.748, 649.615], [755.175, 649.471], [755.602, 649.327], [756.028, 649.185], [756.448, 649.046], [756.86, 648.911], [757.262, 648.781], [757.649, 648.659], [758.02, 648.545], [758.37, 648.442], [758.698, 648.35], [759.0, 648.271], [760.68, 633.871]]",actual,3.9301,0.002707,0.034555,0.00046907,50.0,06,,,
L0174,50197,50198,66,132.979,False,"[[703.92, 681.631], [708.0, 698.671], [711.527, 698.671], [715.053, 698.671], [718.577, 698.671], [722.1, 698.67], [725.621, 698.669], [729.142, 698.668], [732.662, 698.666], [736.182, 698.663], [739.701, 698.66], [743.22, 698.656], [746.739, 698.651], [750.258, 698.645], [753.778, 698.638], [757.298, 698.63], [760.819, 698.621], [764.34, 698.61], [767.863, 698.597], [771.387, 698.584], [774.913, 698.568], [778.44, 698.551], [776.64, 703.351], [753.36, 711.991], [749.16, 716.911], [754.8, 723.391]]",actual,18.6171,0.012822,0.16369,0.00222203,50.0,06,,,
L0175,50197,50199,66,34.017,False,"[[719.52, 671.911], [715.2, 691.111], [706.2, 679.951]]",actual,4.7624,0.00328,0.041873,0.00056841,50.0,06,,,
L0176,50197,50202,66,76.285,False,"[[701.04, 677.671], [671.04, 636.631], [660.24, 624.271], [652.44, 619.711]]",actual,10.6799,0.007355,0.093903,0.00127469,50.0,06,,,
L0177,50197,50209,66,53.614,False,"[[699.84, 679.351], [690.24, 679.351], [684.72, 685.111], [662.64, 680.911], [662.52, 667.351]]",actual,7.506,0.005169,0.065996,0.00089587,50.0,06,,,
L0178,50197,50212,66,57.322,False,"[[701.88, 677.551], [709.44, 657.031], [714.84, 621.991]]",actual,8.0251,0.005527,0.07056,0.00095783,50.0,06,,,
L0179,50200,50220,66,15.79,False,"[[705.36, 711.631], [707.16, 702.751], [712.32, 698.431]]",actual,2.2106,0.001522,0.019437,0.00026384,50.0,06,,,
L0180,50201,50219,66,13.173,False,"[[750.24, 615.991], [738.84, 622.591]]",actual,1.8442,0.00127,0.016215,0.00022012,50.0,06,,,
L0181,50203,50204,66,10.686,False,"[[675.6, 622.951], [677.88, 633.391]]",actual,1.496,0.00103,0.013154,0.00017856,50.0,06,,,
L0182,50203,50215,66,19.141,False,"[[674.4, 613.111], [663.48, 628.831]]",actual,2.6797,0.001846,0.023562,0.00031984,50.0,06,,,
L0183,50207,50208,66,39.599,False,"[[741.0, 687.511], [767.28, 689.911], [769.92, 685.831], [771.0, 677.551]]",actual,5.5439,0.003818,0.048744,0.00066168,50.0,06,,,
L0184,50208,50216,66,16.239,False,"[[766.92, 689.791], [776.28, 691.471], [781.44, 687.151]]",actual,2.2735,0.001566,0.019989,0.00027135,50.0,06,,,
L0185,50209,50210,66,39.971,False,"[[662.52, 668.311], [662.16, 655.831], [649.8, 642.511], [647.4, 633.511]]",actual,5.5959,0.003854,0.049202,0.0006679,50.0,06,,,
L0186,50211,50401,33,45.063,False,"[[676.56, 673.711], [676.048, 674.208], [675.556, 674.727], [675.081, 675.264], [674.622, 675.817], [674.175, 676.385], [673.739, 676.964], [673.312, 677.553], [672.891, 678.148], [672.474, 678.749], [672.06, 679.351], [671.646, 679.954], [671.229, 680.554], [670.808, 681.15], [670.381, 681.738], [669.945, 682.317], [669.498, 682.885], [669.039, 683.438], [668.564, 683.976], [668.072, 684.494], [667.56, 684.991], [667.2, 715.591]]",actual,6.3088,0.032848,0.225936,0.00020611,20.0,06,,,
L0187,50213,50214,66,12.122,False,"[[752.16, 688.351], [751.92, 676.231]]",actual,1.6971,0.001169,0.014922,0.00020255,50.0,06,,,
L0188,50221,50222,66,110.803,False,"[[740.04, 924.751], [720.72, 885.391], [700.56, 845.431], [713.88, 827.671]]",actual,15.5124,0.010683,0.136392,0.00185148,50.0,06,,,
L0189,50221,50226,66,55.738,False,"[[742.44, 924.391], [718.92, 934.471], [716.88, 937.351], [710.16, 932.551], [705.24, 941.551], [698.04, 945.271]]",actual,7.8033,0.005374,0.06861,0.00093136,50.0,06,,,
L0190,50221,50236,66,109.296,False,"[[743.16, 927.391], [720.96, 938.311], [689.64, 986.312], [667.92, 1002.752]]",actual,15.3014,0.010538,0.134537,0.00182629,50.0,06,,,
L0191,50221,50225,66,28.302,False,"[[743.52, 925.111], [732.72, 898.951]]",actual,3.9623,0.002729,0.034838,0.00047292,50.0,06,,,
L0192,50221,50247,66,16.0,False,"[[758.4, 931.831], [743.88, 925.111]]",actual,2.24,0.001543,0.019695,0.00026735,50.0,06,,,
612E,50221,50402,33,90.818,False,"[[743.76, 926.911], [753.36, 939.991], [750.84, 965.912], [747.48, 977.432], [746.64, 987.392], [749.16, 1001.192], [748.08, 1013.672]]",actual,12.7145,0.0662,0.455341,0.00041538,20.0,06,,,
L0193,50222,50233,66,42.6,False,"[[738.36, 859.711], [712.8, 825.631]]",actual,5.964,0.004107,0.052438,0.00071183,50.0,06,,,
L0194,50222,50239,66,18.754,False,"[[707.64, 826.951], [694.56, 840.391]]",actual,2.6256,0.001808,0.023085,0.00031337,50.0,06,,,
L0195,50222,50249,66,42.881,False,"[[712.92, 825.631], [751.44, 806.791]]",actual,6.0033,0.004135,0.052784,0.00071653,50.0,06,,,
L0196,50223,50224,66,101.202,False,"[[763.2, 903.991], [753.96, 892.351], [732.72, 894.031], [676.68, 927.031]]",actual,14.1683,0.009758,0.124574,0.00169105,50.0,06,,,
L0197,50223,50233,66,47.84,False,"[[763.92, 900.151], [738.36, 859.711]]",actual,6.6976,0.004613,0.058888,0.00079939,50.0,06,,,
L0198,50223,50234,66,42.227,False,"[[764.64, 903.391], [766.92, 926.071], [763.92, 945.271]]",actual,5.9118,0.004071,0.051979,0.0007056,50.0,06,,,
L0199,50223,50235,66,50.928,False,"[[766.92, 902.791], [772.44, 926.431], [775.08, 952.952]]",actual,7.1299,0.00491,0.06269,0.00085099,50.0,06,,,
L0200,50223,50242,66,38.268,False,"[[767.16, 901.831], [792.36, 873.031]]",actual,5.3575,0.00369,0.047106,0.00063944,50.0,06,,,
L0201,50223,50243,66,18.329,False,"[[765.36, 901.831], [767.16, 883.591]]",actual,2.5661,0.001767,0.022562,0.00030627,50.0,06,,,
L0202,50224,50225,66,61.89,False,"[[732.96, 899.431], [679.44, 930.511]]",actual,8.6646,0.005967,0.076183,0.00103416,50.0,06,,,
L0203,50225,50229,66,12.288,False,"[[737.16, 894.391], [736.08, 882.151]]",actual,1.7203,0.001185,0.015126,0.00020533,50.0,06,,,
L0204,50225,50256,66,15.671,False,"[[747.36, 906.991], [740.4, 892.951]]",actual,2.1939,0.001511,0.01929,0.00026186,50.0,06,,,
L0205,50227,50228,66,36.126,False,"[[716.88, 937.111], [706.68, 952.472], [712.2, 955.832], [712.758, 955.887], [713.316, 955.943], [713.874, 956.001], [714.432, 956.06], [714.99, 956.121], [715.548, 956.182], [716.106, 956.244], [716.664, 956.306], [717.222, 956.369], [717.78, 956.432], [718.338, 956.495], [718.896, 956.558], [719.454, 956.62], [720.012, 956.682], [720.57, 956.743], [721.128, 956.803], [721.686, 956.863], [722.244, 956.921], [722.802, 956.977], [723.36, 957.032]]",actual,5.0576,0.003483,0.044469,0.00060365,50.0,06,,,
L0206,50230,50231,66,12.631,False,"[[707.16, 909.751], [699.24, 899.911]]",actual,1.7683,0.001218,0.015548,0.00021106,50.0,06,,,
L0207,50230,50232,66,11.806,False,"[[696.6, 921.151], [701.88, 931.711]]",actual,1.6528,0.001138,0.014533,0.00019727,50.0,06,,,
L0208,50230,50251,66,14.246,False,"[[692.16, 918.151], [684.12, 906.391]]",actual,1.9944,0.001374,0.017536,0.00023805,50.0,06,,,
L0209,50230,50258,66,65.237,False,"[[691.2, 966.392], [703.2, 950.671], [716.16, 931.471], [715.08, 925.591], [706.2, 922.711], [703.32, 916.351]]",actual,9.1332,0.00629,0.080303,0.00109009,50.0,06,,,
612A,50235,50261,66,26.846,False,"[[775.2, 954.392], [773.76, 968.432], [768.6, 980.072]]",actual,3.7584,0.002588,0.033046,0.00044859,50.0,06,,,
L0210,50237,50238,66,13.107,False,"[[681.96, 846.751], [681.12, 859.831]]",actual,1.835,0.001264,0.016134,0.00021901,50.0,06,,,
L0211,50239,50240,66,23.93,False,"[[687.0, 836.671], [682.08, 846.991], [669.84, 844.471]]",actual,3.3502,0.002307,0.029457,0.00039986,50.0,06,,,
L0212,50239,50241,66,29.686,False,"[[695.04, 840.391], [667.68, 828.871]]",actual,4.156,0.002862,0.036542,0.00049604,50.0,06,,,
L0213,50239,50248,66,13.621,False,"[[691.44, 827.191], [694.8, 840.391]]",actual,1.9069,0.001313,0.016767,0.0002276,50.0,06,,,
L0214,50239,50262,66,42.415,False,"[[691.68, 878.671], [690.6, 860.191], [685.56, 849.751], [687.72, 837.631]]",actual,5.9381,0.00409,0.052211,0.00070874,50.0,06,,,
L0215,50244,50245,66,11.014,False,"[[711.6, 867.271], [702.0, 872.671]]",actual,1.542,0.001062,0.013558,0.00018404,50.0,06,,,
L0216,50252,50253,66,10.128,False,"[[726.24, 919.831], [734.4, 913.831]]",actual,1.4179,0.000977,0.012467,0.00016923,50.0,06,,,
6203,50254,50255,66,18.808,False,"[[663.72, 986.792], [681.84, 991.832]]",actual,2.6331,0.001813,0.023152,0.00031427,50.0,06,,,
L0217,50257,50258,66,18.183,False,"[[676.44, 975.872], [693.84, 981.152]]",actual,2.5456,0.001753,0.022382,0.00030383,50.0,06,,,
L0218,50258,50259,66,23.645,False,"[[698.88, 1006.232], [691.8, 983.672]]",actual,3.3103,0.00228,0.029106,0.0003951,50.0,06,,,
621A,50258,50260,66,20.094,False,"[[708.24, 989.912], [698.4, 972.392]]",actual,2.8132,0.001937,0.024735,0.00033576,50.0,06,,,
L0219,50263,50264,66,10.661,False,"[[754.68, 884.911], [756.84, 874.471]]",actual,1.4925,0.001028,0.013123,0.00017814,50.0,06,,,
L0220,50265,50266,66,55.055,False,"[[482.04, 1102.472], [482.725, 1102.166], [483.411, 1101.86], [484.1, 1101.554], [484.789, 1101.248], [485.481, 1100.942], [486.173, 1100.636], [486.867, 1100.33], [487.562, 1100.024], [488.258, 1099.718], [488.955, 1099.412], [489.653, 1099.106], [490.352, 1098.8], [491.051, 1098.494], [491.751, 1098.188], [492.452, 1097.882], [493.153, 1097.576], [493.854, 1097.27], [494.556, 1096.964], [495.258, 1096.658], [495.96, 1096.352], [495.96, 1076.432], [495.527, 1076.413], [495.093, 1076.393], [494.657, 1076.371], [494.22, 1076.347], [493.781, 1076.323], [493.342, 1076.298], [492.902, 1076.272], [492.462, 1076.246], [492.021, 1076.219], [491.58, 1076.192], [491.139, 1076.165], [490.698, 1076.138], [490.258, 1076.112], [489.818, 1076.086], [489.379, 1076.061], [488.94, 1076.036], [488.503, 1076.013], [488.067, 1075.991], [487.633, 1075.971], [487.2, 1075.952], [477.72, 1070.072]]",actual,7.7077,0.005308,0.06777,0.00091995,50.0,06,,,
L0221,50266,50275,66,47.347,False,"[[521.64, 1065.992], [516.96, 1069.712], [509.4, 1063.712], [505.68, 1066.472], [505.522, 1066.421], [505.131, 1066.409], [504.526, 1066.432], [503.724, 1066.486], [502.744, 1066.568], [501.602, 1066.672], [500.317, 1066.795], [498.906, 1066.933], [497.388, 1067.081], [495.78, 1067.237], [494.1, 1067.395], [492.366, 1067.552], [490.595, 1067.703], [488.806, 1067.845], [487.016, 1067.974], [485.244, 1068.085], [483.506, 1068.174], [481.821, 1068.238], [480.206, 1068.272], [478.68, 1068.272]]",actual,6.6286,0.004565,0.058282,0.00079115,50.0,06,,,
L0222,50266,50272,66,71.886,False,"[[476.52, 1067.792], [457.32, 1057.232], [467.76, 1024.832], [477.96, 1012.592]]",actual,10.064,0.006931,0.088488,0.00120119,50.0,06,,,
614F,50266,50301,66,14.734,False,"[[476.28, 1070.072], [461.88, 1073.192]]",actual,2.0628,0.001421,0.018137,0.0002462,50.0,06,,,
L0223,50267,50268,66,107.837,False,"[[509.64, 1033.592], [493.92, 1030.112], [477.96, 1040.552], [453.72, 1088.672], [445.08, 1105.352]]",actual,15.0972,0.010398,0.132742,0.00180191,50.0,06,,,
L0224,50267,50272,66,35.572,False,"[[480.0, 1012.112], [493.56, 1024.592], [509.28, 1031.432]]",actual,4.9801,0.00343,0.043787,0.00059439,50.0,06,,,
L0225,50267,50274,66,15.885,False,"[[526.92, 1032.272], [511.08, 1031.072]]",actual,2.2239,0.001532,0.019554,0.00026543,50.0,06,,,
L0226,50267,50277,66,23.817,False,"[[510.84, 1028.312], [515.28, 1004.912]]",actual,3.3344,0.002296,0.029317,0.00039797,50.0,06,,,
L0227,50269,50292,66,26.471,False,"[[514.08, 1091.432], [512.4, 1084.112], [505.32, 1080.632], [505.635, 1080.738], [505.829, 1080.804], [505.908, 1080.833], [505.879, 1080.827], [505.747, 1080.788], [505.521, 1080.717], [505.205, 1080.618], [504.807, 1080.492], [504.333, 1080.341], [503.79, 1080.167], [503.184, 1079.972], [502.521, 1079.759], [501.808, 1079.53], [501.051, 1079.285], [500.257, 1079.029], [499.433, 1078.762], [498.585, 1078.487], [497.719, 1078.205], [496.842, 1077.92], [495.96, 1077.632]]",actual,3.7059,0.002552,0.032584,0.00044232,50.0,06,,,
621C,50270,50271,66,93.035,False,"[[591.84, 1038.872], [567.96, 1050.152], [571.8, 1005.752], [558.24, 988.352]]",actual,13.0249,0.00897,0.114521,0.00155458,50.0,06,,,
L0228,50271,50276,66,51.705,False,"[[501.6, 977.432], [552.24, 987.872]]",actual,7.2387,0.004985,0.063646,0.00086397,50.0,06,,,
L0229,50271,50277,66,41.545,False,"[[514.8, 1004.912], [553.68, 990.272]]",actual,5.8163,0.004006,0.05114,0.0006942,50.0,06,,,
621G,50271,50278,66,20.138,False,"[[556.8, 989.672], [573.72, 978.752]]",actual,2.8193,0.001942,0.024789,0.0003365,50.0,06,,,
L0230,50271,50280,66,43.255,False,"[[556.8, 990.272], [537.6, 951.512]]",actual,6.0557,0.004171,0.053245,0.00072277,50.0,06,,,
L0231,50271,50273,66,17.947,False,"[[550.92, 1009.112], [552.6, 999.272], [556.68, 992.432]]",actual,2.5126,0.00173,0.022092,0.00029989,50.0,06,,,
622D,50272,50276,66,36.885,False,"[[480.96, 1007.672], [502.08, 977.432]]",actual,5.1639,0.003556,0.045403,0.00061633,50.0,06,,,
6208,50272,50284,66,47.825,False,"[[477.48, 1010.072], [450.24, 983.192], [442.44, 977.672]]",actual,6.6955,0.004611,0.05887,0.00079914,50.0,06,,,
614H,50273,50283,66,11.65,False,"[[540.24, 1020.032], [551.88, 1019.552]]",actual,1.631,0.001123,0.014341,0.00019467,50.0,06,,,
L0232,50273,50297,66,10.607,False,"[[561.6, 1006.952], [551.76, 1010.912]]",actual,1.485,0.001023,0.013057,0.00017724,50.0,06,,,
L0233,50274,50282,66,12.508,False,"[[529.32, 1034.192], [537.48, 1043.672]]",actual,1.7511,0.001206,0.015397,0.000209,50.0,06,,,
L0234,50277,50281,66,10.926,False,"[[521.64, 1013.072], [522.0, 1002.152]]",actual,1.5296,0.001053,0.013449,0.00018257,50.0,06,,,
622C,50279,50280,66,35.499,False,"[[531.72, 984.272], [529.08, 948.871]]",actual,4.9699,0.003423,0.043697,0.00059317,50.0,06,,,
614E,50283,50296,66,14.396,False,"[[530.88, 1006.952], [529.44, 1013.192], [535.44, 1018.472]]",actual,2.0154,0.001388,0.017721,0.00024055,50.0,06,,,
L0235,50284,50287,66,17.547,False,"[[438.96, 995.912], [445.2, 980.552], [445.68, 979.712]]",actual,2.4566,0.001692,0.021599,0.0002932,50.0,06,,,
L0236,50284,50287,66,10.723,False,"[[448.56, 993.632], [449.52, 982.952]]",actual,1.5012,0.001034,0.013199,0.00017918,50.0,06,,,
621J,50285,50286,66,10.27,False,"[[567.96, 1049.912], [559.08, 1055.072]]",actual,1.4378,0.00099,0.012642,0.00017161,50.0,06,,,
641M,50286,50403,33,47.455,False,"[[558.84, 1056.392], [556.08, 1062.872], [574.44, 1098.872]]",actual,6.6437,0.034591,0.237929,0.00021705,20.0,06,,,
L0237,50288,50289,66,28.648,False,"[[456.96, 1032.872], [432.48, 1017.992]]",actual,4.0107,0.002762,0.035264,0.0004787,50.0,06,,,
614C,50288,50290,66,21.584,False,"[[463.68, 1037.552], [457.32, 1032.752], [449.52, 1043.912]]",actual,3.0218,0.002081,0.026569,0.00036066,50.0,06,,,
6103,50288,50304,66,20.572,False,"[[456.72, 1032.272], [438.72, 1042.232]]",actual,2.8801,0.001984,0.025323,0.00034375,50.0,06,,,
L0238,50291,50295,66,15.194,False,"[[508.92, 1110.752], [503.4, 1111.472], [499.68, 1102.592]]",actual,2.1272,0.001465,0.018703,0.00025389,50.0,06,,,
L0239,50293,50294,66,10.443,False,"[[502.08, 1066.232], [502.32, 1055.792]]",actual,1.462,0.001007,0.012855,0.0001745,50.0,06,,,
L0240,50295,50305,66,13.587,False,"[[503.52, 1112.312], [507.6, 1125.272]]",actual,1.9022,0.00131,0.016725,0.00022703,50.0,06,,,
L0241,50299,50300,66,12.782,False,"[[499.08, 999.032], [496.32, 986.552]]",actual,1.7895,0.001232,0.015734,0.00021358,50.0,06,,,
6104,50302,50303,66,11.937,False,"[[460.68, 1101.032], [450.36, 1095.032]]",actual,1.6712,0.001151,0.014694,0.00019946,50.0,06,,,
L0242,50306,50307,66,19.573,False,"[[176.76, 689.551], [176.04, 709.111]]",actual,2.7402,0.001887,0.024093,0.00032706,50.0,06,,,
L0243,50306,50307,66,12.473,False,"[[172.2, 698.311], [174.6, 710.551]]",actual,1.7462,0.001203,0.015354,0.00020842,50.0,06,,,
L0244,50307,50308,66,31.063,False,"[[166.56, 680.311], [164.64, 693.631], [172.8, 709.231]]",actual,4.3488,0.002995,0.038237,0.00051905,50.0,06,,,
L0245,50309,50310,66,114.987,False,"[[149.76, 739.231], [157.56, 727.351], [162.96, 699.511], [185.28, 695.071], [185.751, 692.858], [186.227, 690.613], [186.707, 688.337], [187.193, 686.031], [187.684, 683.697], [188.179, 681.338], [188.678, 678.954], [189.181, 676.547], [189.689, 674.119], [190.2, 671.671], [190.715, 669.205], [191.233, 666.723], [191.754, 664.226], [192.279, 661.716], [192.806, 659.195], [193.336, 656.663], [193.869, 654.124], [194.404, 651.577], [194.941, 649.026], [195.48, 646.471]]",actual,16.0982,0.011087,0.141543,0.00192139,50.0,06,,,
L0246,50309,50311,66,111.829,False,"[[147.12, 740.911], [137.16, 724.351], [122.52, 717.271], [103.08, 717.511], [86.88, 713.071], [75.24, 706.831], [64.32, 692.551], [69.24, 685.231]]",actual,15.6561,0.010782,0.137655,0.00186862,50.0,06,,,
6815,50309,50314,66,59.978,False,"[[146.04, 738.871], [123.36, 768.391], [133.2, 778.951], [139.2, 773.191]]",actual,8.3969,0.005783,0.07383,0.00100221,50.0,06,,,
L0247,50309,50314,66,48.45,False,"[[138.12, 770.671], [133.44, 773.551], [127.32, 768.271], [148.32, 740.431]]",actual,6.783,0.004671,0.059639,0.00080958,50.0,06,,,
652E,50309,50321,66,46.523,False,"[[146.16, 740.071], [133.32, 738.391], [133.414, 738.426], [133.206, 738.457], [132.714, 738.487], [131.959, 738.515], [130.959, 738.543], [129.735, 738.572], [128.307, 738.601], [126.692, 738.633], [124.912, 738.668], [122.985, 738.706], [120.931, 738.749], [118.77, 738.797], [116.521, 738.852], [114.204, 738.913], [111.838, 738.982], [109.443, 739.059], [107.038, 739.146], [104.643, 739.243], [102.277, 739.351], [99.96, 739.471]]",actual,6.5132,0.004486,0.057267,0.00077738,50.0,06,,,
L0248,50310,50320,66,39.235,False,"[[207.24, 666.511], [214.44, 646.471], [207.96, 643.471], [207.421, 643.471], [206.883, 643.471], [206.347, 643.471], [205.812, 643.471], [205.277, 643.471], [204.743, 643.471], [204.209, 643.471], [203.675, 643.471], [203.14, 643.471], [202.605, 643.471], [202.069, 643.471], [201.532, 643.471], [200.993, 643.471], [200.453, 643.471], [199.911, 643.471], [199.366, 643.471], [198.819, 643.471], [198.269, 643.471], [197.716, 643.471], [197.16, 643.471]]",actual,5.4929,0.003783,0.048296,0.0006556,50.0,06,,,
L0249,50310,50325,66,26.003,False,"[[194.4, 645.751], [197.64, 619.951]]",actual,3.6404,0.002507,0.032008,0.0004345,50.0,06,,,
L0250,50310,50319,66,81.401,False,"[[128.28, 650.911], [141.96, 632.671], [143.173, 632.234], [144.634, 631.856], [146.314, 631.532], [148.187, 631.259], [150.223, 631.032], [152.396, 630.848], [154.677, 630.702], [157.04, 630.59], [159.455, 630.508], [161.895, 630.451], [164.333, 630.416], [166.74, 630.399], [169.088, 630.395], [171.351, 630.4], [173.499, 630.41], [175.506, 630.421], [177.344, 630.429], [178.983, 630.429], [180.398, 630.418], [181.56, 630.391], [195.72, 642.751]]",actual,11.3961,0.007849,0.1002,0.00136018,50.0,06,,,
L0251,50311,50322,66,12.577,False,"[[67.68, 685.711], [75.36, 675.751]]",actual,1.7608,0.001213,0.015482,0.00021016,50.0,06,,,
L0252,50311,50404,33,66.975,False,"[[56.64, 670.111], [66.84, 652.471], [73.68, 660.511], [79.32, 683.071], [67.2, 687.151]]",actual,9.3765,0.04882,0.335798,0.00030633,20.0,06,,,
652B,50312,50313,66,15.108,False,"[[123.12, 768.391], [115.56, 781.471]]",actual,2.1151,0.001457,0.018597,0.00025245,50.0,06,,,
L0253,50315,50316,66,30.176,False,"[[104.64, 627.631], [123.84, 604.351]]",actual,4.2246,0.00291,0.037145,0.00050423,50.0,06,,,
L0254,50316,50317,66,79.935,False,"[[202.92, 610.711], [148.08, 604.351], [123.36, 603.751]]",actual,11.1909,0.007707,0.098396,0.00133568,50.0,06,,,
L0255,50316,50338,66,18.768,False,"[[123.84, 603.871], [111.12, 590.071]]",actual,2.6275,0.00181,0.023102,0.00031361,50.0,06,,,
L0256,50317,50325,66,15.316,False,"[[197.64, 620.551], [205.2, 607.231]]",actual,2.1442,0.001477,0.018853,0.00025592,50.0,06,,,
L0257,50318,50319,66,29.7,False,"[[127.92, 677.311], [135.0, 672.271], [134.64, 664.231], [134.369, 663.895], [134.062, 663.501], [133.724, 663.058], [133.357, 662.569], [132.967, 662.043], [132.558, 661.485], [132.132, 660.901], [131.695, 660.297], [131.249, 659.68], [130.8, 659.056], [130.351, 658.431], [129.905, 657.812], [129.468, 657.204], [129.042, 656.613], [128.632, 656.047], [128.243, 655.511], [127.876, 655.011], [127.538, 654.553], [127.231, 654.145], [126.96, 653.791]]",actual,4.158,0.002864,0.036559,0.00049628,50.0,06,,,
L0258,50318,50330,66,28.764,False,"[[127.2, 677.791], [119.52, 705.511]]",actual,4.027,0.002773,0.035407,0.00048064,50.0,06,,,
L0259,50319,50336,66,11.851,False,"[[126.12, 652.351], [137.52, 655.591]]",actual,1.6591,0.001143,0.014588,0.00019803,50.0,06,,,
L0260,50320,50326,66,24.962,False,"[[209.52, 668.791], [218.28, 648.031], [220.56, 648.871]]",actual,3.4947,0.002407,0.030727,0.00041711,50.0,06,,,
L0261,50320,50328,66,15.038,False,"[[217.08, 679.351], [207.0, 668.191]]",actual,2.1053,0.00145,0.018511,0.00025128,50.0,06,,,
L0262,50321,50323,66,27.662,False,"[[101.04, 739.471], [81.36, 720.031]]",actual,3.8727,0.002667,0.03405,0.00046222,50.0,06,,,
L0263,50322,50323,66,42.123,False,"[[81.36, 720.631], [86.88, 678.871]]",actual,5.8972,0.004061,0.051851,0.00070386,50.0,06,,,
L0264,50322,50324,66,32.479,False,"[[74.88, 675.751], [70.08, 660.031], [59.04, 648.391]]",actual,4.5471,0.003132,0.03998,0.00054271,50.0,06,,,
6812,50327,50328,66,43.118,False,"[[215.28, 721.831], [217.08, 678.751]]",actual,6.0365,0.004157,0.053076,0.00072049,50.0,06,,,
L0265,50330,50331,66,12.379,False,"[[118.8, 705.871], [122.28, 717.751]]",actual,1.7331,0.001194,0.015238,0.00020685,50.0,06,,,
L0266,50330,50335,66,15.086,False,"[[103.92, 704.071], [118.68, 707.191]]",actual,2.112,0.001455,0.01857,0.00025208,50.0,06,,,
L0267,50333,50342,66,12.574,False,"[[137.04, 724.711], [139.92, 712.471]]",actual,1.7604,0.001212,0.015478,0.00021011,50.0,06,,,
L0268,50337,50338,66,11.646,False,"[[97.2, 590.671], [108.84, 591.031]]",actual,1.6304,0.001123,0.014336,0.0001946,50.0,06,,,
L0269,50339,50340,66,25.08,False,"[[69.72, 659.791], [73.92, 646.951], [72.84, 635.431]]",actual,3.5112,0.002418,0.030872,0.00041908,50.0,06,,,
L0270,50345,50346,66,10.195,False,"[[337.92, 109.831], [331.08, 117.391]]",actual,1.4273,0.000983,0.012549,0.00017035,50.0,06,,,
L0271,50345,50348,66,51.059,False,"[[370.56, 81.631], [370.2, 92.431], [368.886, 92.414], [367.572, 92.399], [366.258, 92.384], [364.944, 92.372], [363.63, 92.36], [362.316, 92.349], [361.002, 92.339], [359.688, 92.329], [358.374, 92.32], [357.06, 92.311], [355.746, 92.302], [354.432, 92.293], [353.118, 92.283], [351.804, 92.273], [350.49, 92.262], [349.176, 92.251], [347.862, 92.238], [346.548, 92.224], [345.234, 92.208], [343.92, 92.191], [342.72, 106.111]]",actual,7.1483,0.004923,0.062851,0.00085318,50.0,06,,,
L0272,50347,50356,66,27.354,False,"[[302.28, 98.191], [300.36, 91.831], [299.4, 80.671], [290.04, 78.991]]",actual,3.8296,0.002637,0.033671,0.00045707,50.0,06,,,
L0273,50351,50352,66,10.121,False,"[[275.64, 142.951], [265.68, 144.751]]",actual,1.4169,0.000976,0.012458,0.00016912,50.0,06,,,
L0274,50354,50355,66,23.844,False,"[[288.12, 111.871], [289.56, 101.191], [288.6, 95.071], [288.258, 94.999], [287.916, 94.927], [287.574, 94.855], [287.233, 94.783], [286.892, 94.711], [286.551, 94.639], [286.211, 94.567], [285.872, 94.495], [285.533, 94.423], [285.195, 94.351], [284.858, 94.279], [284.522, 94.207], [284.187, 94.135], [283.853, 94.063], [283.521, 93.991], [283.189, 93.919], [282.86, 93.847], [282.531, 93.775], [282.205, 93.703], [281.88, 93.631]]",actual,3.3382,0.002299,0.029351,0.00039842,50.0,06,,,
L0275,50357,50358,66,21.315,False,"[[417.0, 97.111], [416.04, 80.551], [417.96, 76.231]]",actual,2.9841,0.002055,0.026238,0.00035617,50.0,06,,,
L0276,50358,50366,66,26.016,False,"[[416.28, 81.391], [412.56, 79.951], [412.2, 71.071], [407.28, 69.031], [399.6, 67.591]]",actual,3.6422,0.002508,0.032024,0.00043472,50.0,06,,,
L0277,50361,50362,66,11.27,False,"[[351.48, 92.911], [355.08, 82.231]]",actual,1.5778,0.001087,0.013873,0.00018832,50.0,06,,,
L0278,50363,50364,66,22.365,False,"[[381.0, 88.951], [380.16, 71.311], [383.04, 67.591]]",actual,3.1311,0.002156,0.02753,0.00037371,50.0,06,,,
L0279,50367,50368,33,33.908,False,"[[49.08, 119.911], [50.429, 120.29], [51.877, 120.632], [53.412, 120.935], [55.024, 121.197], [56.702, 121.415], [58.434, 121.587], [60.209, 121.712], [62.017, 121.785], [63.846, 121.806], [65.685, 121.771], [67.523, 121.679], [69.349, 121.527], [71.153, 121.312], [72.922, 121.033], [74.646, 120.687], [76.313, 120.272], [77.914, 119.785], [79.436, 119.224], [80.868, 118.587], [82.2, 117.871]]",actual,4.7471,0.024716,0.170007,0.00015509,20.0,06,,,
L0280,50369,50379,33,27.0,False,"[[104.04, 402.751], [104.04, 399.151], [127.44, 399.151]]",actual,3.78,0.019681,0.135372,0.00012349,20.0,06,,,
L0281,50370,50389,33,10.92,False,"[[236.52, 481.951], [236.52, 471.031]]",actual,1.5288,0.00796,0.05475,4.995e-05,20.0,06,,,
L0282,50374,50392,33,15.824,False,"[[678.12, 233.671], [673.08, 248.671]]",actual,2.2154,0.011535,0.079338,7.238e-05,20.0,06,,,
6805,50377,50378,33,25.304,False,"[[292.44, 829.591], [314.52, 841.951]]",actual,3.5426,0.018445,0.126869,0.00011574,20.0,06,,,
6304,50377,50383,33,50.796,False,"[[270.0, 871.111], [279.12, 866.671], [290.28, 857.791], [293.76, 831.631]]",actual,7.1114,0.037027,0.25468,0.00023233,20.0,06,,,
686D,50377,50384,33,42.317,False,"[[296.88, 832.471], [298.32, 820.111], [282.12, 810.151], [277.8, 800.191]]",actual,5.9244,0.030846,0.212168,0.00019355,20.0,06,,,
631R,50378,50397,33,60.301,False,"[[314.64, 841.591], [319.44, 837.151], [330.6, 836.071], [340.32, 839.671], [349.56, 837.391], [360.12, 837.391], [371.88, 834.511]]",actual,8.4421,0.043955,0.302336,0.0002758,20.0,06,,,
641D,50380,50381,33,12.431,False,"[[662.76, 1077.632], [666.6, 1076.792], [671.52, 1076.792], [675.0, 1077.632]]",actual,1.7403,0.009061,0.062326,5.686e-05,20.0,06,,,
631J,50385,50386,33,73.399,False,"[[414.48, 897.151], [424.8, 909.271], [427.663, 909.272], [430.527, 909.275], [433.394, 909.279], [436.261, 909.284], [439.131, 909.29], [442.001, 909.297], [444.873, 909.305], [447.746, 909.313], [450.62, 909.322], [453.495, 909.331], [456.371, 909.34], [459.248, 909.349], [462.125, 909.357], [465.003, 909.365], [467.882, 909.372], [470.761, 909.379], [473.64, 909.384], [476.52, 909.388], [479.4, 909.39], [482.28, 909.391]]",actual,10.2759,0.053502,0.368006,0.00033571,20.0,06,,,
685E,50390,50391,33,69.929,False,"[[257.28, 599.431], [263.28, 601.471], [266.16, 592.471], [277.56, 588.991], [285.96, 580.951], [315.48, 588.991]]",actual,9.7901,0.050973,0.350608,0.00031984,20.0,06,,,
L0283,50392,50393,33,25.223,False,"[[673.08, 248.671], [661.8, 271.231]]",actual,3.5312,0.018386,0.126462,0.00011536,20.0,06,,,
L0284,50394,50395,33,25.071,False,"[[476.88, 264.631], [500.04, 274.231]]",actual,3.5099,0.018275,0.1257,0.00011467,20.0,06,,,
631C,50397,50398,33,49.724,False,"[[371.88, 834.871], [394.92, 833.071], [403.68, 831.631], [410.52, 835.471], [413.16, 832.351], [413.88, 826.591]]",actual,6.9614,0.036245,0.249305,0.00022743,20.0,06,,,
694J,50405,50406,66,32.966,False,"[[498.468, 685.21], [477.24, 710.431]]",actual,4.6152,0.003179,0.040579,0.00055085,50.0,06,,,
694G,50405,50407,66,13.944,False,"[[498.468, 685.21], [487.8, 676.231]]",actual,1.9522,0.001344,0.017164,0.000233,50.0,06,,,
G0287,50418,50131,66,13.25,False,,provisional,1.855,0.001278,0.01631,0.0002214,50.0,06,,,
G0288,50419,50039,66,1.39,False,,provisional,0.1946,0.000134,0.001711,2.323e-05,50.0,06,,,
G0289,50420,50148,66,8.2,False,,provisional,1.148,0.000791,0.010094,0.00013702,50.0,06,,,
G0290,50421,50356,66,11.7,False,,provisional,1.638,0.001128,0.014402,0.0001955,50.0,06,,,
B0291,50063,50337,66,58.468,False,,provisional,8.1855,0.005637,0.071971,0.00097698,50.0,06,,,
B0292,50406,50136,66,21.841,False,,bridge,3.0577,0.002106,0.026885,0.00036495,50.0,06,,,
B0293,50026,50278,66,55.306,False,,provisional,7.7428,0.005333,0.068079,0.00092414,50.0,06,,,
B0294,50388,50202,66,44.888,False,,provisional,6.2843,0.004328,0.055255,0.00075006,50.0,06,,,
B0295,50191,50389,66,43.535,False,,provisional,6.0949,0.004198,0.053589,0.00072745,50.0,06,,,
B0296,50353,50062,66,41.23,False,,provisional,5.7722,0.003975,0.050752,0.00068894,50.0,06,,,
B0297,50287,50289,66,25.815,False,,provisional,3.6141,0.002489,0.031777,0.00043136,50.0,06,,,
B0298,50079,50066,66,17.638,False,,bridge,2.4693,0.001701,0.021711,0.00029472,50.0,06,,,
B0299,50009,50147,66,19.322,False,,bridge,2.7051,0.001863,0.023784,0.00032286,50.0,06,,,
B0300,50121,50122,66,40.047,False,,provisional,5.6066,0.003861,0.049296,0.00066917,50.0,06,,,
B0301,50107,50171,66,57.232,False,,provisional,8.0125,0.005518,0.070449,0.00095632,50.0,06,,,
B0302,50126,50141,66,13.872,False,,bridge,1.9421,0.001338,0.017076,0.0002318,50.0,06,,,
B0303,50210,50215,66,16.747,False,,bridge,2.3446,0.001615,0.020615,0.00027984,50.0,06,,,
B0304,50206,50216,66,24.742,False,,provisional,3.4639,0.002386,0.030456,0.00041343,50.0,06,,,
B0305,50270,50285,66,26.308,False,,provisional,3.6831,0.002537,0.032384,0.0004396,50.0,06,,,
B0306,50265,50291,66,18.968,False,,bridge,2.6555,0.001829,0.023349,0.00031695,50.0,06,,,
B0307,50336,50308,66,38.137,False,,provisional,5.3392,0.003677,0.046945,0.00063725,50.0,06,,,
B0308,50164,50020,66,24.398,False,,provisional,3.4157,0.002352,0.030033,0.00040768,50.0,06,,,
B0309,50002,50048,66,17.366,False,,bridge,2.4312,0.001674,0.021377,0.00029018,50.0,06,,,
B0310,50096,50109,66,33.538,False,,provisional,4.6953,0.003234,0.041283,0.00056041,50.0,06,,,
B0311,50372,50137,66,35.851,False,,provisional,5.0191,0.003457,0.044131,0.00059906,50.0,06,,,
B0312,50373,50382,66,39.721,False,,provisional,5.5609,0.00383,0.048894,0.00066372,50.0,06,,,
B0313,50084,50163,66,29.605,False,,provisional,4.1447,0.002854,0.036442,0.00049469,50.0,06,,,
B0314,50419,50168,66,13.306,False,,bridge,1.8628,0.001283,0.016379,0.00022234,50.0,06,,,
B0315,50418,50173,66,21.024,False,,bridge,2.9434,0.002027,0.025879,0.0003513,50.0,06,,,
B0316,50061,50178,66,35.583,False,,provisional,4.9816,0.003431,0.043801,0.00059458,50.0,06,,,
B0317,50207,50200,66,23.365,False,,provisional,3.2711,0.002253,0.028761,0.00039042,50.0,06,,,
B0318,50195,50219,66,12.842,False,,bridge,1.7979,0.001238,0.015808,0.00021458,50.0,06,,,
B0319,50220,50401,66,38.365,False,,provisional,5.3711,0.003699,0.047225,0.00064106,50.0,06,,,
B0320,50205,50214,66,29.56,False,,provisional,4.1384,0.00285,0.036387,0.00049394,50.0,06,,,
B0321,50275,50292,66,26.54,False,,provisional,3.7156,0.002559,0.032669,0.00044347,50.0,06,,,
B0322,50269,50293,66,18.011,False,,bridge,2.5215,0.001737,0.022171,0.00030096,50.0,06,,,
B0323,50281,50299,66,26.572,False,,provisional,3.7201,0.002562,0.032709,0.00044401,50.0,06,,,
B0324,50268,50303,66,11.592,False,,bridge,1.6229,0.001118,0.014269,0.0001937,50.0,06,,,
B0325,50314,50312,66,16.881,False,,bridge,2.3633,0.001628,0.02078,0.00028208,50.0,06,,,
B0326,50331,50333,66,13.635,False,,bridge,1.9089,0.001315,0.016784,0.00022784,50.0,06,,,
B0327,50324,50339,66,15.621,False,,bridge,2.1869,0.001506,0.019229,0.00026102,50.0,06,,,
B0328,50144,50391,66,51.593,False,,provisional,7.223,0.004975,0.063508,0.0008621,50.0,06,,,
B0329,50120,50004,66,37.94,False,,provisional,5.3116,0.003658,0.046702,0.00063396,50.0,06,,,
B0330,50185,50036,66,24.945,False,,provisional,3.4923,0.002405,0.030706,0.00041682,50.0,06,,,
B0331,50146,50045,66,24.722,False,,provisional,3.4611,0.002384,0.030431,0.0004131,50.0,06,,,
B0332,50160,50074,66,14.22,False,,bridge,1.9908,0.001371,0.017504,0.00023761,50.0,06,,,
B0333,50134,50089,66,27.32,False,,provisional,3.8248,0.002634,0.033629,0.00045651,50.0,06,,,
B0334,50004,50118,66,18.614,False,,bridge,2.606,0.001795,0.022913,0.00031103,50.0,06,,,
B0335,50142,50127,66,46.423,False,,provisional,6.4992,0.004476,0.057144,0.00077571,50.0,06,,,
B0336,50159,50143,66,33.552,False,,provisional,4.6973,0.003235,0.041301,0.00056064,50.0,06,,,
B0337,50038,50145,66,36.979,False,,provisional,5.1771,0.003565,0.045519,0.0006179,50.0,06,,,
B0338,50420,50150,66,22.933,False,,provisional,3.2106,0.002211,0.028229,0.0003832,50.0,06,,,
B0339,50138,50155,66,15.726,False,,bridge,2.2016,0.001516,0.019358,0.00026278,50.0,06,,,
B0340,50118,50157,66,33.318,False,,provisional,4.6645,0.003212,0.041013,0.00055673,50.0,06,,,
B0341,50069,50162,66,10.621,False,,bridge,1.4869,0.001024,0.013074,0.00017747,50.0,06,,,
B0342,50169,50170,66,27.069,False,,provisional,3.7897,0.00261,0.03332,0.00045231,50.0,06,,,
B0343,50154,50172,66,31.252,False,,provisional,4.3753,0.003013,0.03847,0.00052221,50.0,06,,,
B0344,50189,50176,66,46.421,False,,provisional,6.4989,0.004476,0.057142,0.00077568,50.0,06,,,
B0345,50177,50182,66,23.74,False,,provisional,3.3236,0.002289,0.029223,0.00039669,50.0,06,,,
B0346,50297,50298,66,14.446,False,,bridge,2.0224,0.001393,0.017782,0.00024139,50.0,06,,,
B0347,50306,50329,66,22.455,False,,provisional,3.1437,0.002165,0.027641,0.00037521,50.0,06,,,
B0348,50326,50332,66,46.26,False,,provisional,6.4764,0.00446,0.056944,0.00077299,50.0,06,,,
B0349,50342,50334,66,33.683,False,,provisional,4.7156,0.003248,0.041462,0.00056283,50.0,06,,,
B0350,50340,50341,66,14.179,False,,bridge,1.9851,0.001367,0.017454,0.00023693,50.0,06,,,
B0351,50315,50343,66,18.577,False,,bridge,2.6008,0.001791,0.022867,0.00031041,50.0,06,,,
B0352,50125,50349,66,47.902,False,,provisional,6.7063,0.004619,0.058965,0.00080042,50.0,06,,,
B0353,50349,50359,66,39.331,False,,provisional,5.5063,0.003792,0.048414,0.00065721,50.0,06,,,
B0354,50359,50350,66,28.265,False,,provisional,3.9571,0.002725,0.034793,0.0004723,50.0,06,,,
B0355,50350,50360,66,11.63,False,,bridge,1.6282,0.001121,0.014316,0.00019433,50.0,06,,,
B0356,50360,50365,66,47.433,False,,provisional,6.6406,0.004573,0.058387,0.00079259,50.0,06,,,
B0357,50365,50352,66,56.191,False,,provisional,7.8667,0.005418,0.069168,0.00093893,50.0,06,,,
B0358,50351,50031,66,26.881,False,,provisional,3.7633,0.002592,0.033089,0.00044917,50.0,06,,,
B0359,50346,50421,66,39.061,False,,provisional,5.4685,0.003766,0.048082,0.00065269,50.0,06,,,
B0360,50047,50357,66,44.044,False,,provisional,6.1662,0.004247,0.054216,0.00073596,50.0,06,,,
B0361,50070,50180,66,32.922,False,,provisional,4.6091,0.003174,0.040525,0.00055011,50.0,06,,,
B0362,50347,50355,66,17.212,False,,bridge,2.4097,0.00166,0.021187,0.00028761,50.0,06,,,
B0363,50366,50362,66,52.141,False,,provisional,7.2997,0.005027,0.064183,0.00087126,50.0,06,,,
B0364,50361,50363,66,29.784,False,,provisional,4.1698,0.002872,0.036662,0.00049768,50.0,06,,,
B0365,50181,50152,66,38.412,False,,provisional,5.3777,0.003704,0.047283,0.00064185,50.0,06,,,
B0366,50167,50183,66,59.381,False,,provisional,8.3133,0.005725,0.073095,0.00099223,50.0,06,,,
B0367,50183,50115,66,46.031,False,,provisional,6.4443,0.004438,0.056662,0.00076916,50.0,06,,,
B0368,50049,50368,66,57.638,False,,provisional,8.0693,0.005557,0.070949,0.00096311,50.0,06,,,
B0369,50175,50399,66,31.556,False,,provisional,4.4178,0.003043,0.038844,0.00052729,50.0,06,,,
B0370,50375,50400,66,15.572,False,,bridge,2.1801,0.001501,0.019168,0.0002602,50.0,06,,,
B0371,50015,50417,66,36.156,False,,provisional,5.0618,0.003486,0.044506,0.00060415,50.0,06,,,
I0372,50198,50249,66,82.127,False,,inset_provisional,11.4978,0.007919,0.101094,0.00137231,50.0,06,,,
I0373,50226,50232,66,14.093,False,,inset_provisional,1.973,0.001359,0.017348,0.00023549,50.0,06,,,
I0374,50064,50384,66,72.778,False,,inset_provisional,10.1889,0.007017,0.089586,0.00121609,50.0,06,,,
I0375,50260,50228,66,34.937,False,,inset_provisional,4.8912,0.003369,0.043006,0.00058378,50.0,06,,,
I0376,50240,50237,66,12.333,False,,inset_provisional,1.7266,0.001189,0.015181,0.00020608,50.0,06,,,
I0377,50262,50245,66,11.937,False,,inset_provisional,1.6712,0.001151,0.014694,0.00019946,50.0,06,,,
I0378,50256,50253,66,14.654,False,,inset_provisional,2.0516,0.001413,0.018038,0.00024486,50.0,06,,,
I0379,50236,50254,66,16.503,False,,inset_provisional,2.3104,0.001591,0.020314,0.00027576,50.0,06,,,
I0380,50243,50263,66,12.55,False,,inset_provisional,1.757,0.00121,0.015448,0.00020971,50.0,06,,,
I0381,50259,50381,66,75.288,False,,inset_provisional,10.5403,0.007259,0.092675,0.00125803,50.0,06,,,
I0382,50398,50385,66,70.563,False,,inset_provisional,9.8788,0.006804,0.086859,0.00117908,50.0,06,,,
I0383,50343,50044,66,100.357,False,,inset_provisional,14.05,0.009676,0.123534,0.00167693,50.0,06,,,
I0384,50082,50128,66,64.022,False,,inset_provisional,8.9631,0.006173,0.078808,0.00106978,50.0,06,,,
I0385,50128,50129,66,15.876,False,,inset_provisional,2.2226,0.001531,0.019542,0.00026528,50.0,06,,,
I0386,50241,50135,66,81.894,False,,inset_provisional,11.4652,0.007896,0.100807,0.00136842,50.0,06,,,
I0387,50044,50187,66,40.857,False,,inset_provisional,5.72,0.003939,0.050293,0.0006827,50.0,06,,,
I0388,50244,50246,66,15.977,False,,inset_provisional,2.2368,0.00154,0.019667,0.00026697,50.0,06,,,
I0389,50229,50250,66,18.84,False,,inset_provisional,2.6376,0.001817,0.023191,0.00031481,50.0,06,,,
I0390,50187,50344,66,55.839,False,,inset_provisional,7.8175,0.005384,0.068735,0.00093305,50.0,06,,,
I0391,50379,50376,66,100.803,False,,inset_provisional,14.1124,0.009719,0.124083,0.00168438,50.0,06,,,
I0392,50304,50413,66,80.682,False,,inset_provisional,11.2955,0.007779,0.099315,0.00134817,50.0,06,,,
I0393,50413,50414,66,13.569,False,,inset_provisional,1.8997,0.001308,0.016703,0.00022673,50.0,06,,,
I0394,50211,50415,66,70.995,False,,inset_provisional,9.9393,0.006845,0.087391,0.0011863,50.0,06,,,
I0395,50255,50416,66,47.166,False,,inset_provisional,6.6032,0.004548,0.058059,0.00078813,50.0,06,,,
XFRM9000,50422,50078,66,0.0,,,transformer,0.0,0.005,0.1,0.0,80.0,06,True,,
XFRM9001,50423,50044,66,0.0,,,transformer,0.0,0.005,0.1,0.0,80.0,06,True,,
XFRM9002,50424,50083,66,0.0,,,transformer,0.0,0.005,0.1,0.0,80.0,06,True,,
7308,60000,60028,66,78.092,False,"[[612.72, 564.0], [619.08, 581.04], [626.16, 592.2], [643.32, 602.76], [657.96, 611.28], [667.56, 611.28]]",actual,17.9612,0.01237,0.157923,0.00214374,50.0,07,,,
731D,60000,60029,66,108.17,False,"[[652.8, 449.64], [649.8, 459.96], [647.28, 476.64], [639.12, 492.24], [631.68, 506.16], [626.76, 518.76], [623.64, 536.64], [615.36, 538.68], [608.4, 538.68]]",actual,24.8791,0.017134,0.218749,0.00296943,50.0,07,,,
761B,60000,60037,66,38.346,False,"[[547.92, 612.96], [533.52, 608.4], [529.92, 602.28], [529.44, 594.96], [532.08, 586.56]]",actual,8.8196,0.006074,0.077546,0.00105266,50.0,07,,,
796D,60000,60007,66,16.991,False,"[[480.96, 612.0], [485.64, 608.88], [489.96, 605.28], [492.48, 600.12]]",actual,3.9079,0.002691,0.03436,0.00046643,50.0,07,,,
L0001,60000,60054,66,48.667,False,"[[615.48, 530.28], [621.36, 528.72], [623.16, 508.2], [623.347, 507.892], [623.647, 507.381], [624.048, 506.687], [624.538, 505.836], [625.102, 504.848], [625.73, 503.746], [626.409, 502.554], [627.125, 501.294], [627.866, 499.988], [628.62, 498.66], [629.374, 497.332], [630.115, 496.026], [630.831, 494.766], [631.51, 493.574], [632.137, 492.472], [632.702, 491.484], [633.192, 490.633], [633.593, 489.939], [633.893, 489.428], [634.08, 489.12]]",actual,11.1934,0.007709,0.098418,0.00133598,50.0,07,,,
742F,60000,60106,66,37.763,False,"[[575.64, 553.44], [560.88, 561.24], [541.08, 554.04]]",actual,8.6855,0.005982,0.076367,0.00103665,50.0,07,,,
L0002,60000,60106,66,22.728,False,"[[562.56, 540.6], [567.84, 537.48], [574.68, 552.6]]",actual,5.2274,0.0036,0.045962,0.00062392,50.0,07,,,
L0003,60001,60002,66,43.857,False,"[[685.56, 942.24], [669.24, 950.28], [669.477, 950.806], [669.787, 951.443], [670.164, 952.184], [670.603, 953.019], [671.098, 953.942], [671.643, 954.945], [672.232, 956.02], [672.859, 957.158], [673.519, 958.353], [674.205, 959.596], [674.912, 960.879], [675.634, 962.195], [676.364, 963.536], [677.098, 964.894], [677.829, 966.262], [678.552, 967.63], [679.26, 968.992], [679.948, 970.34], [680.61, 971.665], [681.24, 972.961]]",actual,10.0871,0.006947,0.088691,0.00120394,50.0,07,,,
732H,60001,60003,66,19.446,False,"[[653.28, 938.88], [669.12, 950.16]]",actual,4.4726,0.00308,0.039325,0.00053382,50.0,07,,,
732I,60001,60154,66,11.593,False,"[[685.8, 943.2], [696.24, 938.16]]",actual,2.6664,0.001836,0.023444,0.00031825,50.0,07,,,
L0004,60001,60192,66,10.201,False,"[[664.56, 959.881], [674.76, 959.761]]",actual,2.3462,0.001616,0.020629,0.00028003,50.0,07,,,
732A,60002,60151,66,54.871,False,"[[681.12, 973.321], [690.72, 971.161], [701.52, 969.841], [703.68, 960.601], [713.64, 956.401], [723.96, 947.16]]",actual,12.6203,0.008692,0.110964,0.00150629,50.0,07,,,
L0005,60004,60005,66,27.289,False,"[[727.8, 826.68], [718.68, 839.04], [718.68, 845.04], [723.48, 848.52]]",actual,6.2765,0.004323,0.055186,0.00074912,50.0,07,,,
L0006,60004,60005,66,11.66,False,"[[714.0, 830.88], [724.68, 826.2]]",actual,2.6818,0.001847,0.02358,0.00032008,50.0,07,,,
724A,60004,60162,66,21.282,False,"[[729.72, 827.28], [733.8, 830.88], [749.64, 830.76]]",actual,4.8949,0.003371,0.043038,0.00058422,50.0,07,,,
722B,60004,60163,66,35.5,False,"[[725.16, 827.4], [712.44, 837.36], [712.44, 838.081], [712.44, 838.803], [712.44, 839.528], [712.44, 840.253], [712.44, 840.981], [712.44, 841.709], [712.44, 842.439], [712.44, 843.17], [712.44, 843.902], [712.44, 844.635], [712.44, 845.369], [712.44, 846.104], [712.44, 846.839], [712.44, 847.575], [712.44, 848.312], [712.44, 849.049], [712.44, 849.786], [712.44, 850.524], [712.44, 851.262], [712.44, 852.0], [712.42, 852.227], [712.363, 852.441], [712.272, 852.643], [712.153, 852.835], [712.009, 853.018], [711.844, 853.193], [711.662, 853.362], [711.468, 853.526], [711.266, 853.687], [711.06, 853.845], [710.854, 854.002], [710.652, 854.16], [710.458, 854.32], [710.276, 854.482], [710.111, 854.649], [709.967, 854.822], [709.848, 855.003], [709.757, 855.191], [709.7, 855.39], [709.68, 855.6]]",actual,8.165,0.005623,0.071791,0.00097453,50.0,07,,,
725B,60004,60164,66,25.914,False,"[[726.84, 825.84], [719.64, 819.6], [719.623, 819.132], [719.607, 818.664], [719.593, 818.196], [719.58, 817.728], [719.569, 817.26], [719.558, 816.792], [719.548, 816.324], [719.538, 815.856], [719.529, 815.388], [719.52, 814.92], [719.511, 814.452], [719.502, 813.984], [719.492, 813.516], [719.482, 813.048], [719.471, 812.58], [719.459, 812.112], [719.447, 811.644], [719.433, 811.176], [719.417, 810.708], [719.4, 810.24], [712.8, 807.84]]",actual,5.9602,0.004105,0.052405,0.00071138,50.0,07,,,
L0007,60004,60166,66,31.864,False,"[[727.32, 825.36], [732.84, 815.04], [732.84, 794.88]]",actual,7.3287,0.005047,0.064438,0.00087471,50.0,07,,,
728A,60004,60167,66,49.608,False,"[[727.92, 826.2], [741.48, 816.0], [741.479, 813.932], [741.477, 812.002], [741.473, 810.194], [741.468, 808.493], [741.461, 806.884], [741.454, 805.351], [741.446, 803.88], [741.438, 802.454], [741.429, 801.06], [741.42, 799.68], [741.411, 798.3], [741.402, 796.906], [741.394, 795.48], [741.386, 794.009], [741.379, 792.476], [741.372, 790.867], [741.367, 789.166], [741.363, 787.358], [741.361, 785.428], [741.36, 783.36]]",actual,11.4098,0.007858,0.100321,0.00136181,50.0,07,,,
729A,60005,60163,66,19.011,False,"[[712.44, 851.04], [718.56, 853.32], [731.04, 853.32]]",actual,4.3725,0.003011,0.038445,0.00052188,50.0,07,,,
796G,60006,60007,66,60.503,False,"[[452.04, 661.68], [450.72, 653.16], [459.24, 644.4], [460.92, 639.72], [465.0, 631.2], [467.88, 627.24], [470.52, 621.24], [471.031, 620.779], [471.555, 620.331], [472.09, 619.894], [472.635, 619.468], [473.188, 619.05], [473.748, 618.639], [474.313, 618.234], [474.882, 617.834], [475.453, 617.436], [476.025, 617.04], [476.596, 616.644], [477.164, 616.246], [477.729, 615.846], [478.287, 615.441], [478.839, 615.03], [479.383, 614.612], [479.916, 614.186], [480.438, 613.749], [480.946, 613.301], [481.44, 612.84]]",actual,13.9157,0.009584,0.122353,0.0016609,50.0,07,,,
L0008,60006,60008,66,68.039,False,"[[454.32, 662.4], [452.88, 653.28], [462.24, 644.04], [464.16, 639.0], [481.56, 639.0], [494.88, 635.64], [504.0, 635.88]]",actual,15.649,0.010778,0.137593,0.00186777,50.0,07,,,
L0009,60006,60036,66,47.863,False,"[[455.04, 663.48], [462.12, 666.12], [462.72, 675.36], [455.64, 680.64], [453.96, 692.64], [446.88, 699.84]]",actual,11.0085,0.007582,0.096792,0.00131391,50.0,07,,,
L0010,60006,60036,66,20.502,False,"[[463.8, 663.12], [465.84, 683.52]]",actual,4.7155,0.003248,0.041461,0.00056281,50.0,07,,,
L0011,60008,60037,66,36.43,False,"[[520.2, 630.48], [524.04, 618.12], [547.08, 613.56]]",actual,8.3789,0.005771,0.073671,0.00100006,50.0,07,,,
L0012,60008,60091,66,14.287,False,"[[511.68, 630.36], [510.12, 638.16], [515.76, 641.04]]",actual,3.286,0.002263,0.028892,0.0003922,50.0,07,,,
L0013,60008,60092,66,14.318,False,"[[516.84, 608.16], [520.68, 610.56], [518.76, 620.16]]",actual,3.2931,0.002268,0.028955,0.00039305,50.0,07,,,
L0014,60008,60108,66,15.225,False,"[[500.52, 621.36], [495.24, 635.64]]",actual,3.5017,0.002412,0.030789,0.00041795,50.0,07,,,
L0015,60009,60010,66,43.074,False,"[[465.36, 783.36], [460.92, 778.68], [462.24, 762.0], [477.12, 748.8]]",actual,9.907,0.006823,0.087107,0.00118245,50.0,07,,,
L0016,60009,60071,66,14.021,False,"[[466.2, 784.2], [467.88, 798.12]]",actual,3.2248,0.002221,0.028354,0.0003849,50.0,07,,,
L0017,60010,60043,66,57.081,False,"[[477.6, 746.76], [484.56, 746.76], [490.32, 748.8], [503.52, 759.36], [503.449, 759.864], [503.379, 760.368], [503.311, 760.872], [503.244, 761.375], [503.179, 761.878], [503.114, 762.381], [503.05, 762.883], [502.986, 763.384], [502.923, 763.885], [502.86, 764.385], [502.797, 764.884], [502.734, 765.382], [502.67, 765.879], [502.606, 766.375], [502.541, 766.869], [502.476, 767.363], [502.409, 767.854], [502.341, 768.345], [502.271, 768.833], [502.2, 769.32], [507.6, 776.52], [507.405, 776.866], [507.218, 777.217], [507.036, 777.575], [506.859, 777.938], [506.687, 778.305], [506.519, 778.676], [506.354, 779.049], [506.193, 779.425], [506.033, 779.802], [505.875, 780.18], [505.718, 780.558], [505.561, 780.935], [505.404, 781.311], [505.245, 781.684], [505.086, 782.055], [504.924, 782.422], [504.759, 782.785], [504.59, 783.143], [504.417, 783.494], [504.24, 783.84]]",actual,13.1286,0.009042,0.115433,0.00156696,50.0,07,,,
L0018,60010,60044,66,32.993,False,"[[476.52, 749.64], [481.44, 749.64], [493.8, 758.52], [494.4, 771.36]]",actual,7.5884,0.005226,0.066721,0.00090571,50.0,07,,,
L0019,60010,60036,66,37.508,False,"[[475.44, 747.48], [474.84, 738.48], [483.96, 721.68], [486.12, 712.56]]",actual,8.6268,0.005941,0.075851,0.00102965,50.0,07,,,
L0020,60010,60100,66,12.042,False,"[[462.84, 739.44], [463.374, 739.342], [463.931, 739.264], [464.508, 739.203], [465.102, 739.158], [465.711, 739.125], [466.332, 739.103], [466.962, 739.09], [467.6, 739.083], [468.241, 739.08], [468.885, 739.08], [469.528, 739.08], [470.167, 739.077], [470.8, 739.07], [471.424, 739.057], [472.037, 739.035], [472.636, 739.002], [473.218, 738.957], [473.781, 738.896], [474.323, 738.818], [474.84, 738.72]]",actual,2.7697,0.001907,0.024352,0.00033057,50.0,07,,,
L0021,60011,60012,66,34.552,False,"[[375.0, 1003.081], [378.24, 1007.881], [385.44, 1008.961], [406.92, 1008.961]]",actual,7.947,0.005473,0.069873,0.0009485,50.0,07,,,
L0022,60011,60067,66,17.486,False,"[[369.6, 1008.241], [374.04, 1015.321], [374.399, 1015.369], [374.788, 1015.405], [375.204, 1015.432], [375.645, 1015.449], [376.106, 1015.458], [376.584, 1015.46], [377.076, 1015.457], [377.579, 1015.45], [378.088, 1015.439], [378.6, 1015.426], [379.112, 1015.412], [379.621, 1015.399], [380.124, 1015.387], [380.616, 1015.377], [381.094, 1015.372], [381.555, 1015.371], [381.995, 1015.376], [382.412, 1015.389], [382.801, 1015.41], [383.16, 1015.441]]",actual,4.0218,0.00277,0.035361,0.00048002,50.0,07,,,
L0023,60012,60013,66,51.1,False,"[[406.92, 1009.561], [407.52, 994.081], [411.36, 986.761], [408.24, 975.361], [414.6, 961.201]]",actual,11.753,0.008094,0.103338,0.00140277,50.0,07,,,
L0024,60013,60072,66,48.953,False,"[[362.16, 956.641], [397.08, 956.641], [406.32, 946.08]]",actual,11.2592,0.007754,0.098996,0.00134383,50.0,07,,,
L0025,60013,60075,66,52.415,False,"[[413.64, 960.961], [447.36, 990.721], [451.92, 984.841]]",actual,12.0555,0.008303,0.105997,0.00143887,50.0,07,,,
L0026,60013,60277,66,43.638,False,"[[420.48, 941.04], [420.498, 939.599], [420.516, 938.157], [420.534, 936.712], [420.552, 935.267], [420.57, 933.819], [420.588, 932.371], [420.606, 930.921], [420.624, 929.47], [420.642, 928.018], [420.66, 926.565], [420.678, 925.111], [420.696, 923.656], [420.714, 922.201], [420.732, 920.745], [420.75, 919.288], [420.768, 917.831], [420.786, 916.374], [420.804, 914.916], [420.822, 913.458], [420.84, 912.0], [423.24, 905.88], [419.569, 898.748]]",actual,10.0367,0.006912,0.088248,0.00119793,50.0,07,,,
L0027,60014,60015,66,44.757,False,"[[438.72, 857.16], [438.737, 857.742], [438.753, 858.301], [438.766, 858.84], [438.779, 859.361], [438.789, 859.868], [438.799, 860.361], [438.807, 860.845], [438.814, 861.321], [438.82, 861.792], [438.825, 862.26], [438.829, 862.728], [438.832, 863.199], [438.835, 863.675], [438.837, 864.159], [438.838, 864.653], [438.839, 865.159], [438.84, 865.68], [438.84, 866.219], [438.84, 866.778], [438.84, 867.36], [455.64, 873.0], [465.72, 879.72], [465.756, 879.954], [465.792, 880.188], [465.828, 880.422], [465.863, 880.656], [465.898, 880.89], [465.933, 881.124], [465.967, 881.358], [466.0, 881.592], [466.033, 881.826], [466.065, 882.06], [466.096, 882.294], [466.126, 882.528], [466.155, 882.762], [466.183, 882.996], [466.209, 883.23], [466.235, 883.464], [466.258, 883.698], [466.28, 883.932], [466.301, 884.166], [466.32, 884.4]]",actual,10.2941,0.00709,0.090511,0.00122865,50.0,07,,,
L0028,60014,60016,66,29.428,False,"[[445.92, 830.76], [447.24, 836.16], [439.32, 852.0], [439.269, 852.198], [439.225, 852.431], [439.187, 852.693], [439.154, 852.982], [439.125, 853.294], [439.1, 853.624], [439.077, 853.97], [439.057, 854.327], [439.038, 854.692], [439.02, 855.06], [439.002, 855.428], [438.983, 855.793], [438.963, 856.15], [438.94, 856.496], [438.915, 856.826], [438.886, 857.138], [438.853, 857.427], [438.815, 857.689], [438.771, 857.922], [438.72, 858.12]]",actual,6.7684,0.004661,0.059511,0.00080784,50.0,07,,,
L0029,60014,60090,66,13.477,False,"[[439.2, 857.64], [434.64, 861.24], [432.36, 868.56]]",actual,3.0997,0.002135,0.027254,0.00036996,50.0,07,,,
L0030,60014,60111,66,31.92,False,"[[424.44, 829.44], [424.44, 861.36]]",actual,7.3416,0.005056,0.064551,0.00087625,50.0,07,,,
L0031,60014,60277,66,42.133,False,"[[419.569, 898.748], [419.04, 897.72], [414.84, 873.24], [416.28, 863.16], [421.92, 861.24]]",actual,9.6906,0.006674,0.085204,0.00115661,50.0,07,,,
L0032,60015,60068,66,24.925,False,"[[467.52, 885.72], [470.28, 883.2], [478.56, 888.96], [480.72, 894.84], [485.52, 895.44]]",actual,5.7328,0.003948,0.050405,0.00068423,50.0,07,,,
L0033,60016,60017,66,38.358,False,"[[424.44, 818.16], [424.44, 829.68], [431.52, 836.16], [440.16, 830.16], [440.674, 830.161], [441.171, 830.163], [441.651, 830.167], [442.115, 830.173], [442.56, 830.179], [442.987, 830.186], [443.397, 830.194], [443.787, 830.202], [444.158, 830.211], [444.51, 830.22], [444.842, 830.229], [445.154, 830.238], [445.445, 830.246], [445.716, 830.254], [445.965, 830.261], [446.193, 830.268], [446.398, 830.273], [446.582, 830.277], [446.742, 830.279], [446.88, 830.28]]",actual,8.8223,0.006076,0.07757,0.00105299,50.0,07,,,
L0034,60016,60017,66,33.926,False,"[[426.0, 817.56], [427.8, 820.44], [427.8, 829.56], [431.52, 832.68], [439.8, 827.28], [446.4, 828.24]]",actual,7.803,0.005374,0.068607,0.00093132,50.0,07,,,
L0035,60016,60070,66,21.346,False,"[[438.84, 827.76], [439.8, 824.28], [441.96, 821.28], [446.76, 818.16], [449.64, 810.36]]",actual,4.9096,0.003381,0.043167,0.00058598,50.0,07,,,
L0036,60017,60064,66,59.386,False,"[[374.64, 835.68], [398.04, 833.64], [413.88, 831.72], [416.64, 829.2], [420.0, 826.8], [420.0, 820.92], [425.28, 817.68]]",actual,13.6588,0.009407,0.120094,0.00163024,50.0,07,,,
L0037,60017,60103,66,11.523,False,"[[412.32, 817.44], [423.84, 817.2]]",actual,2.6503,0.001825,0.023303,0.00031632,50.0,07,,,
L0038,60018,60019,66,44.273,False,"[[426.6, 1087.321], [431.64, 1077.961], [432.36, 1073.041], [430.2, 1065.001], [424.56, 1055.161], [424.507, 1054.776], [424.421, 1054.378], [424.306, 1053.969], [424.166, 1053.55], [424.005, 1053.123], [423.826, 1052.689], [423.632, 1052.25], [423.427, 1051.807], [423.215, 1051.362], [423.0, 1050.916], [422.785, 1050.471], [422.573, 1050.029], [422.368, 1049.59], [422.174, 1049.158], [421.995, 1048.732], [421.834, 1048.314], [421.694, 1047.907], [421.579, 1047.511], [421.493, 1047.129], [421.44, 1046.761]]",actual,10.1828,0.007013,0.089532,0.00121536,50.0,07,,,
L0039,60019,60061,66,22.005,False,"[[438.84, 1019.881], [448.44, 1000.081]]",actual,5.0611,0.003486,0.0445,0.00060407,50.0,07,,,
L0040,60019,60083,66,14.178,False,"[[432.36, 1043.041], [444.12, 1050.961]]",actual,3.2609,0.002246,0.028672,0.00038921,50.0,07,,,
L0041,60020,60021,66,86.161,False,"[[152.64, 806.64], [170.4, 807.12], [218.28, 855.96]]",actual,19.817,0.013648,0.174241,0.00236525,50.0,07,,,
L0042,60020,60173,66,13.37,False,"[[158.64, 793.68], [146.88, 800.04]]",actual,3.0751,0.002118,0.027038,0.00036703,50.0,07,,,
L0043,60020,60185,66,41.715,False,"[[132.72, 775.08], [135.0, 779.88], [129.12, 781.44], [127.44, 784.8], [127.475, 784.997], [127.509, 785.193], [127.54, 785.387], [127.571, 785.58], [127.599, 785.771], [127.627, 785.962], [127.653, 786.152], [127.678, 786.342], [127.702, 786.531], [127.725, 786.72], [127.747, 786.909], [127.768, 787.098], [127.789, 787.288], [127.809, 787.478], [127.828, 787.669], [127.847, 787.86], [127.866, 788.053], [127.884, 788.247], [127.902, 788.443], [127.92, 788.64], [130.8, 792.96], [142.08, 799.68], [146.16, 798.12]]",actual,9.5945,0.006608,0.084359,0.00114514,50.0,07,,,
L0044,60022,60023,66,76.633,False,"[[114.6, 788.28], [114.564, 789.395], [114.528, 790.509], [114.492, 791.621], [114.455, 792.732], [114.418, 793.841], [114.381, 794.95], [114.343, 796.058], [114.304, 797.166], [114.265, 798.273], [114.225, 799.38], [114.184, 800.487], [114.142, 801.594], [114.099, 802.702], [114.055, 803.81], [114.009, 804.919], [113.963, 806.028], [113.914, 807.139], [113.865, 808.251], [113.813, 809.365], [113.76, 810.48], [133.68, 861.12]]",actual,17.6256,0.012139,0.154972,0.00210369,50.0,07,,,
L0045,60023,60180,66,46.834,False,"[[148.44, 904.08], [141.48, 865.68], [136.08, 860.04]]",actual,10.7718,0.007419,0.094711,0.00128566,50.0,07,,,
L0046,60023,60180,66,46.391,False,"[[144.12, 905.16], [136.68, 866.76], [135.0, 859.68]]",actual,10.6699,0.007348,0.093815,0.0012735,50.0,07,,,
L0047,60023,60180,66,46.477,False,"[[139.44, 905.28], [132.0, 867.12], [134.76, 860.04]]",actual,10.6897,0.007362,0.093989,0.00127586,50.0,07,,,
L0048,60023,60181,66,74.629,False,"[[61.68, 873.24], [73.8, 869.4], [124.44, 868.32], [133.2, 861.24]]",actual,17.1647,0.011821,0.15092,0.00204868,50.0,07,,,
L0049,60023,60182,66,74.727,False,"[[92.88, 821.16], [97.8, 814.8], [102.0, 815.28], [101.999, 816.146], [101.997, 817.015], [101.993, 817.887], [101.988, 818.761], [101.981, 819.638], [101.974, 820.516], [101.966, 821.396], [101.958, 822.277], [101.949, 823.158], [101.94, 824.04], [101.931, 824.922], [101.922, 825.804], [101.914, 826.684], [101.906, 827.564], [101.899, 828.443], [101.892, 829.319], [101.887, 830.193], [101.883, 831.065], [101.881, 831.934], [101.88, 832.8], [127.2, 859.8], [135.12, 860.04]]",actual,17.1872,0.011837,0.151118,0.00205137,50.0,07,,,
L0050,60023,60183,66,66.69,False,"[[63.72, 859.08], [73.32, 862.8], [83.52, 861.96], [96.12, 862.68], [125.28, 863.4], [125.406, 863.22], [125.532, 863.04], [125.658, 862.86], [125.785, 862.681], [125.912, 862.502], [126.039, 862.323], [126.167, 862.145], [126.296, 861.968], [126.425, 861.791], [126.555, 861.615], [126.686, 861.44], [126.818, 861.266], [126.951, 861.093], [127.085, 860.921], [127.221, 860.751], [127.357, 860.581], [127.496, 860.414], [127.635, 860.248], [127.777, 860.083], [127.92, 859.92]]",actual,15.3387,0.010564,0.134865,0.00183074,50.0,07,,,
L0051,60023,60171,66,79.822,False,"[[98.64, 799.56], [98.605, 800.064], [98.571, 800.568], [98.54, 801.072], [98.509, 801.576], [98.481, 802.08], [98.453, 802.584], [98.427, 803.088], [98.402, 803.592], [98.378, 804.096], [98.355, 804.6], [98.333, 805.104], [98.312, 805.608], [98.291, 806.112], [98.271, 806.616], [98.252, 807.12], [98.233, 807.624], [98.214, 808.128], [98.196, 808.632], [98.178, 809.136], [98.16, 809.64], [109.32, 810.36], [117.24, 840.6], [129.12, 858.12], [134.64, 860.76]]",actual,18.3591,0.012644,0.161421,0.00219123,50.0,07,,,
L0052,60023,60175,66,50.572,False,"[[125.04, 811.2], [125.005, 811.955], [124.971, 812.709], [124.94, 813.461], [124.909, 814.212], [124.881, 814.961], [124.853, 815.71], [124.827, 816.458], [124.802, 817.206], [124.778, 817.953], [124.755, 818.7], [124.733, 819.447], [124.712, 820.194], [124.691, 820.942], [124.671, 821.69], [124.652, 822.439], [124.633, 823.188], [124.614, 823.939], [124.596, 824.691], [124.578, 825.445], [124.56, 826.2], [135.12, 860.16]]",actual,11.6316,0.008011,0.10227,0.00138828,50.0,07,,,
L0053,60023,60169,66,108.928,False,"[[180.36, 771.48], [183.84, 776.76], [181.44, 779.04], [183.96, 781.68], [169.8, 793.44], [156.36, 811.2], [156.386, 811.394], [156.426, 811.614], [156.48, 811.857], [156.544, 812.12], [156.619, 812.4], [156.701, 812.695], [156.79, 813.001], [156.884, 813.316], [156.981, 813.636], [157.08, 813.96], [157.179, 814.284], [157.276, 814.604], [157.37, 814.919], [157.459, 815.225], [157.541, 815.52], [157.616, 815.8], [157.68, 816.063], [157.734, 816.306], [157.774, 816.526], [157.8, 816.72], [156.72, 827.04], [140.28, 847.2], [136.32, 859.44]]",actual,25.0534,0.017254,0.220282,0.00299024,50.0,07,,,
711N,60024,60025,66,33.134,False,"[[631.56, 506.4], [610.2, 489.6], [610.26, 489.406], [610.332, 489.186], [610.413, 488.943], [610.503, 488.679], [610.601, 488.398], [610.705, 488.102], [610.815, 487.794], [610.928, 487.477], [611.043, 487.153], [611.16, 486.825], [611.277, 486.497], [611.392, 486.17], [611.505, 485.848], [611.615, 485.534], [611.719, 485.229], [611.817, 484.938], [611.907, 484.663], [611.988, 484.406], [612.06, 484.171], [612.12, 483.96]]",actual,7.6208,0.005248,0.067006,0.00090958,50.0,07,,,
751D,60026,60027,66,75.624,False,"[[656.88, 669.6], [666.0, 665.64], [682.92, 649.08], [694.68, 644.4], [699.24, 638.52], [714.24, 633.84], [717.48, 628.56]]",actual,17.3935,0.011979,0.152932,0.00207599,50.0,07,,,
751A,60026,60042,66,24.145,False,"[[633.48, 666.96], [657.48, 669.6]]",actual,5.5534,0.003825,0.048828,0.00066282,50.0,07,,,
711D,60029,60032,66,58.607,False,"[[664.68, 393.72], [668.64, 398.04], [663.48, 408.6], [659.16, 425.4], [656.64, 432.24], [652.56, 448.08]]",actual,13.4796,0.009283,0.118519,0.00160885,50.0,07,,,
L0054,60029,60074,66,13.464,False,"[[652.56, 450.84], [663.36, 458.88]]",actual,3.0967,0.002133,0.027228,0.00036961,50.0,07,,,
733A,60030,60120,66,49.907,False,"[[672.48, 519.48], [681.84, 519.48], [688.92, 528.6], [693.96, 557.16]]",actual,11.4786,0.007905,0.100925,0.00137002,50.0,07,,,
711Q,60030,60054,66,63.395,False,"[[635.16, 489.84], [639.48, 485.16], [648.6, 483.24], [650.64, 478.8], [657.0, 478.8], [659.88, 484.56], [669.84, 512.88]]",actual,14.5809,0.010042,0.128202,0.00174029,50.0,07,,,
711K,60032,60033,66,56.947,False,"[[665.4, 393.12], [680.04, 397.2], [721.32, 390.96]]",actual,13.0978,0.009021,0.115162,0.00156328,50.0,07,,,
711H,60032,60250,33,31.949,False,"[[663.12, 395.28], [678.36, 367.2]]",actual,7.3483,0.03826,0.263161,0.00024007,20.0,07,,,
711G,60033,60053,66,30.685,False,"[[711.84, 392.64], [712.44, 386.52], [736.2, 380.4]]",actual,7.0575,0.004861,0.062053,0.00084235,50.0,07,,,
731E,60034,60035,66,101.172,False,"[[678.24, 459.6], [681.48, 466.8], [692.4, 474.0], [702.0, 477.96], [729.0, 499.68], [757.2, 478.68]]",actual,23.2696,0.016026,0.204597,0.00277732,50.0,07,,,
711M,60034,60074,66,17.16,False,"[[663.36, 458.88], [680.52, 458.88]]",actual,3.9468,0.002718,0.034702,0.00047107,50.0,07,,,
712E,60035,60117,66,39.184,False,"[[756.24, 481.2], [755.64, 485.88], [785.76, 491.04], [786.48, 487.2]]",actual,9.0123,0.006207,0.079241,0.00107566,50.0,07,,,
762F,60036,60038,66,60.178,False,"[[552.84, 640.56], [548.04, 652.68], [532.44, 666.96], [524.4, 670.32], [519.48, 682.44], [515.88, 680.28]]",actual,13.8409,0.009532,0.121696,0.00165198,50.0,07,,,
L0055,60036,60093,66,11.088,False,"[[481.08, 685.92], [479.16, 675.0]]",actual,2.5502,0.001756,0.022423,0.00030438,50.0,07,,,
L0056,60036,60094,66,32.868,False,"[[424.44, 721.32], [433.08, 706.08], [443.16, 706.08], [445.8, 701.52]]",actual,7.5596,0.005206,0.066468,0.00090228,50.0,07,,,
761G,60036,60099,66,13.616,False,"[[501.72, 679.56], [509.52, 668.4]]",actual,3.1317,0.002157,0.027535,0.00037378,50.0,07,,,
761C,60037,60038,66,29.438,False,"[[546.84, 613.56], [544.32, 627.96], [552.12, 640.56]]",actual,6.7707,0.004663,0.059532,0.00080812,50.0,07,,,
7605,60038,60246,33,44.859,False,"[[559.92, 651.72], [566.4, 661.68], [568.44, 671.88], [574.2, 683.76], [583.56, 684.24]]",actual,10.3176,0.05372,0.3695,0.00033708,20.0,07,,,
762G,60039,60040,66,65.958,False,"[[604.32, 699.72], [597.0, 681.84], [598.8, 676.56], [611.16, 671.16], [614.16, 654.6], [614.76, 648.72], [615.96, 644.04]]",actual,15.1703,0.010448,0.133385,0.00181065,50.0,07,,,
717,60041,60042,66,71.859,False,"[[582.96, 626.88], [619.2, 645.96], [622.44, 656.4], [623.64, 665.64], [627.6, 666.96], [634.08, 666.96]]",actual,16.5276,0.011383,0.145318,0.00197264,50.0,07,,,
762A,60041,60119,66,17.322,False,"[[590.28, 631.2], [596.28, 622.44], [594.36, 619.56], [594.198, 619.559], [594.036, 619.557], [593.874, 619.553], [593.712, 619.548], [593.55, 619.541], [593.388, 619.534], [593.226, 619.526], [593.064, 619.518], [592.902, 619.509], [592.74, 619.5], [592.578, 619.491], [592.416, 619.482], [592.254, 619.474], [592.092, 619.466], [591.93, 619.459], [591.768, 619.452], [591.606, 619.447], [591.444, 619.443], [591.282, 619.441], [591.12, 619.44]]",actual,3.9841,0.002744,0.03503,0.00047552,50.0,07,,,
L0057,60043,60044,66,16.765,False,"[[495.0, 772.08], [501.12, 772.08], [504.0, 776.52], [503.941, 776.71], [503.872, 776.92], [503.794, 777.147], [503.709, 777.39], [503.617, 777.645], [503.52, 777.911], [503.419, 778.186], [503.315, 778.467], [503.208, 778.752], [503.1, 779.04], [502.992, 779.328], [502.885, 779.613], [502.781, 779.894], [502.68, 780.169], [502.582, 780.435], [502.491, 780.69], [502.406, 780.933], [502.328, 781.16], [502.259, 781.37], [502.2, 781.56]]",actual,3.856,0.002656,0.033903,0.00046022,50.0,07,,,
L0058,60044,60045,66,62.61,False,"[[504.24, 771.72], [523.8, 771.12], [529.32, 769.44], [558.24, 769.08], [566.16, 766.44]]",actual,14.4003,0.009918,0.126614,0.00171874,50.0,07,,,
L0059,60046,60047,66,85.336,False,"[[247.92, 1026.601], [247.92, 1037.881], [233.52, 1058.521], [229.32, 1072.681], [207.24, 1091.161], [205.2, 1096.081]]",actual,19.6273,0.013517,0.172572,0.0023426,50.0,07,,,
L0060,60046,60048,66,37.018,False,"[[235.08, 1059.001], [249.6, 1038.481], [249.6, 1026.601]]",actual,8.5141,0.005864,0.07486,0.0010162,50.0,07,,,
L0061,60046,60050,66,101.778,False,"[[260.16, 938.4], [263.04, 960.241], [252.6, 980.161], [246.12, 984.841], [239.04, 994.081], [237.72, 1012.681], [241.56, 1017.121], [247.44, 1021.321], [247.439, 1021.61], [247.437, 1021.9], [247.433, 1022.192], [247.428, 1022.485], [247.421, 1022.78], [247.414, 1023.075], [247.406, 1023.371], [247.398, 1023.667], [247.389, 1023.964], [247.38, 1024.261], [247.371, 1024.558], [247.362, 1024.855], [247.354, 1025.151], [247.346, 1025.447], [247.339, 1025.742], [247.332, 1026.036], [247.327, 1026.33], [247.323, 1026.622], [247.321, 1026.912], [247.32, 1027.201]]",actual,23.4089,0.016122,0.205822,0.00279396,50.0,07,,,
L0062,60046,60050,66,64.379,False,"[[258.6, 943.08], [260.64, 960.601], [251.76, 974.521], [243.12, 979.921], [236.76, 978.121], [234.84, 972.961], [239.04, 966.241]]",actual,14.8072,0.010198,0.130192,0.0017673,50.0,07,,,
L0063,60046,60050,66,91.941,False,"[[262.32, 940.44], [265.44, 960.481], [250.08, 991.201], [249.0, 1004.281], [250.92, 1015.561], [249.0, 1028.161]]",actual,21.1464,0.014564,0.185929,0.00252392,50.0,07,,,
L0064,60046,60049,66,24.321,False,"[[237.12, 965.641], [224.28, 963.361], [224.28, 952.081]]",actual,5.5938,0.003853,0.049184,0.00066765,50.0,07,,,
L0065,60047,60256,33,11.88,False,"[[192.96, 1096.441], [204.84, 1096.441]]",actual,2.7324,0.014227,0.097855,8.927e-05,20.0,07,,,
L0066,60048,60079,66,10.946,False,"[[224.88, 1090.921], [233.52, 1097.641]]",actual,2.5176,0.001734,0.022136,0.00030048,50.0,07,,,
L0067,60048,60080,66,16.958,False,"[[237.72, 1073.401], [238.142, 1073.57], [238.679, 1073.786], [239.318, 1074.044], [240.046, 1074.339], [240.851, 1074.665], [241.72, 1075.017], [242.641, 1075.389], [243.599, 1075.778], [244.583, 1076.177], [245.58, 1076.581], [246.577, 1076.985], [247.561, 1077.384], [248.519, 1077.773], [249.44, 1078.145], [250.309, 1078.497], [251.114, 1078.823], [251.842, 1079.118], [252.481, 1079.376], [253.018, 1079.592], [253.44, 1079.761]]",actual,3.9003,0.002686,0.034294,0.00046552,50.0,07,,,
L0068,60048,60081,66,16.946,False,"[[237.72, 1056.841], [238.92, 1056.841], [244.56, 1049.641], [251.16, 1049.641]]",actual,3.8976,0.002684,0.034269,0.00046519,50.0,07,,,
L0069,60048,60081,66,11.046,False,"[[240.6, 1054.921], [251.16, 1058.161]]",actual,2.5406,0.00175,0.022338,0.00030323,50.0,07,,,
L0070,60049,60050,66,36.333,False,"[[225.36, 951.361], [241.32, 942.0], [252.24, 942.72], [258.6, 940.08]]",actual,8.3566,0.005755,0.073475,0.0009974,50.0,07,,,
L0071,60049,60051,66,35.85,False,"[[194.64, 969.841], [225.36, 951.361]]",actual,8.2455,0.005679,0.072498,0.00098414,50.0,07,,,
L0072,60050,60062,66,35.134,False,"[[262.44, 936.12], [270.48, 927.36], [270.692, 926.923], [270.898, 926.476], [271.098, 926.02], [271.293, 925.556], [271.483, 925.086], [271.669, 924.609], [271.852, 924.128], [272.031, 923.643], [272.209, 923.155], [272.385, 922.665], [272.56, 922.174], [272.735, 921.684], [272.91, 921.194], [273.087, 920.706], [273.264, 920.222], [273.444, 919.741], [273.627, 919.266], [273.814, 918.797], [274.005, 918.334], [274.2, 917.88], [274.218, 917.645], [274.236, 917.409], [274.254, 917.17], [274.272, 916.931], [274.29, 916.689], [274.308, 916.447], [274.326, 916.203], [274.344, 915.958], [274.362, 915.712], [274.38, 915.465], [274.398, 915.217], [274.416, 914.968], [274.434, 914.719], [274.452, 914.469], [274.47, 914.218], [274.488, 913.967], [274.506, 913.716], [274.524, 913.464], [274.542, 913.212], [274.56, 912.96], [277.56, 909.36], [276.84, 906.0]]",actual,8.0808,0.005565,0.07105,0.00096448,50.0,07,,,
L0073,60050,60076,66,16.8,False,"[[236.28, 940.08], [253.08, 940.08]]",actual,3.864,0.002661,0.033974,0.00046119,50.0,07,,,
L0074,60050,60077,66,17.268,False,"[[258.72, 943.08], [260.64, 960.241]]",actual,3.9716,0.002735,0.034921,0.00047403,50.0,07,,,
L0075,60050,60073,66,47.034,False,"[[273.12, 924.6], [275.4, 926.16], [275.472, 926.303], [275.544, 926.445], [275.616, 926.585], [275.688, 926.724], [275.76, 926.861], [275.832, 926.998], [275.904, 927.134], [275.976, 927.27], [276.048, 927.405], [276.12, 927.54], [276.192, 927.675], [276.264, 927.81], [276.336, 927.946], [276.408, 928.082], [276.48, 928.219], [276.552, 928.356], [276.624, 928.495], [276.696, 928.635], [276.768, 928.777], [276.84, 928.92], [282.6, 938.52], [301.68, 942.72], [311.88, 940.56]]",actual,10.8178,0.00745,0.095115,0.00129115,50.0,07,,,
L0076,60051,60052,66,32.308,False,"[[163.92, 967.921], [168.36, 971.881], [194.64, 969.841]]",actual,7.4308,0.005118,0.065335,0.0008869,50.0,07,,,
L0077,60051,60112,66,27.601,False,"[[192.36, 969.601], [192.36, 942.0]]",actual,6.3482,0.004372,0.055817,0.00075769,50.0,07,,,
L0078,60052,60063,66,45.657,False,"[[131.28, 996.721], [135.96, 997.441], [162.72, 974.641], [163.92, 969.001]]",actual,10.5011,0.007232,0.092331,0.00125335,50.0,07,,,
761D,60055,60106,66,49.793,False,"[[574.56, 553.32], [578.64, 550.08], [582.84, 555.96], [583.56, 559.92], [577.08, 585.36], [577.08, 585.719], [577.08, 586.077], [577.08, 586.433], [577.08, 586.788], [577.08, 587.141], [577.08, 587.494], [577.08, 587.846], [577.08, 588.198], [577.08, 588.549], [577.08, 588.9], [577.08, 589.251], [577.08, 589.602], [577.08, 589.954], [577.08, 590.306], [577.08, 590.659], [577.08, 591.012], [577.08, 591.367], [577.08, 591.723], [577.08, 592.081], [577.08, 592.44]]",actual,11.4524,0.007887,0.100695,0.00136689,50.0,07,,,
L0079,60056,60057,66,21.536,False,"[[435.6, 645.0], [442.92, 645.0], [448.44, 646.56], [452.28, 639.0]]",actual,4.9533,0.003411,0.043552,0.0005912,50.0,07,,,
L0080,60059,60060,66,22.557,False,"[[432.36, 1073.161], [441.24, 1077.961], [449.04, 1087.681]]",actual,5.1881,0.003573,0.045616,0.00061922,50.0,07,,,
L0081,60059,60082,66,26.537,False,"[[425.04, 1071.481], [449.28, 1060.681]]",actual,6.1035,0.004204,0.053665,0.00072848,50.0,07,,,
L0082,60061,60075,66,13.927,False,"[[448.44, 999.361], [452.88, 986.161]]",actual,3.2032,0.002206,0.028164,0.00038232,50.0,07,,,
L0083,60061,60252,33,44.679,False,"[[451.32, 997.801], [457.2, 995.881], [460.68, 996.241], [464.28, 1004.161], [467.76, 1020.121], [467.76, 1020.625], [467.76, 1021.129], [467.76, 1021.633], [467.76, 1022.136], [467.76, 1022.639], [467.76, 1023.142], [467.76, 1023.644], [467.76, 1024.145], [467.76, 1024.646], [467.76, 1025.146], [467.76, 1025.645], [467.76, 1026.143], [467.76, 1026.64], [467.76, 1027.136], [467.76, 1027.63], [467.76, 1028.123], [467.76, 1028.615], [467.76, 1029.105], [467.76, 1029.594], [467.76, 1030.081]]",actual,10.2762,0.053504,0.368017,0.00033572,20.0,07,,,
L0084,60062,60065,66,32.683,False,"[[277.08, 904.2], [279.48, 899.76], [285.84, 896.4], [290.88, 880.44], [289.08, 877.2]]",actual,7.5171,0.005177,0.066094,0.0008972,50.0,07,,,
L0085,60063,60275,66,18.471,False,"[[127.08, 1011.121], [127.08, 1011.121], [131.28, 1008.601], [130.68, 995.041]]",actual,4.2483,0.002926,0.037353,0.00050706,50.0,07,,,
L0086,60064,60098,66,28.446,False,"[[372.48, 823.68], [371.16, 815.76], [377.76, 796.44]]",actual,6.5426,0.004506,0.057525,0.00078089,50.0,07,,,
L0087,60064,60102,66,28.475,False,"[[337.68, 839.76], [351.84, 838.08], [357.72, 832.2], [357.702, 831.911], [357.684, 831.621], [357.666, 831.329], [357.647, 831.036], [357.628, 830.741], [357.609, 830.446], [357.589, 830.15], [357.568, 829.854], [357.547, 829.557], [357.525, 829.26], [357.502, 828.963], [357.478, 828.666], [357.453, 828.37], [357.427, 828.074], [357.399, 827.779], [357.371, 827.484], [357.34, 827.191], [357.309, 826.899], [357.275, 826.609], [357.24, 826.32]]",actual,6.5493,0.004511,0.057584,0.00078168,50.0,07,,,
L0088,60065,60066,66,28.215,False,"[[292.08, 875.04], [295.8, 874.08], [302.88, 872.4], [306.72, 866.04], [304.92, 862.92], [306.36, 860.64], [306.12, 857.28]]",actual,6.4895,0.004469,0.057058,0.00077454,50.0,07,,,
L0089,60068,60069,66,25.331,False,"[[486.12, 902.88], [489.12, 898.68], [485.52, 895.68], [490.56, 881.04]]",actual,5.8261,0.004012,0.051226,0.00069537,50.0,07,,,
L0090,60069,60089,66,34.41,False,"[[494.88, 914.88], [496.68, 894.96], [492.96, 881.04]]",actual,7.9143,0.005451,0.069586,0.00094461,50.0,07,,,
L0091,60069,60243,33,51.399,False,"[[493.2, 881.76], [499.68, 860.4], [499.717, 859.482], [499.755, 858.564], [499.795, 857.646], [499.836, 856.728], [499.879, 855.81], [499.922, 854.892], [499.966, 853.974], [500.01, 853.056], [500.055, 852.138], [500.1, 851.22], [500.145, 850.302], [500.19, 849.384], [500.234, 848.466], [500.278, 847.548], [500.321, 846.63], [500.364, 845.712], [500.405, 844.794], [500.445, 843.876], [500.483, 842.958], [500.52, 842.04], [505.32, 841.32], [507.24, 846.84]]",actual,11.8218,0.061551,0.423369,0.00038622,20.0,07,,,
L0092,60070,60071,66,17.908,False,"[[450.24, 808.32], [459.72, 799.92], [464.76, 798.48]]",actual,4.1188,0.002837,0.036215,0.0004916,50.0,07,,,
L0093,60071,60096,66,11.782,False,"[[441.12, 781.92], [452.88, 782.64]]",actual,2.7099,0.001866,0.023826,0.00032343,50.0,07,,,
L0094,60072,60073,66,56.413,False,"[[315.48, 938.4], [315.66, 938.239], [315.84, 938.079], [316.02, 937.921], [316.2, 937.764], [316.38, 937.609], [316.56, 937.454], [316.74, 937.3], [316.92, 937.146], [317.1, 936.993], [317.28, 936.84], [317.46, 936.687], [317.64, 936.534], [317.82, 936.38], [318.0, 936.226], [318.18, 936.071], [318.36, 935.916], [318.54, 935.759], [318.72, 935.601], [318.9, 935.441], [319.08, 935.28], [326.04, 935.28], [330.24, 940.44], [338.88, 941.76], [348.0, 946.08], [362.28, 958.921]]",actual,12.975,0.008936,0.114082,0.00154862,50.0,07,,,
L0095,60075,60084,66,41.903,False,"[[460.08, 980.401], [473.88, 952.921], [473.88, 947.76], [477.12, 942.72]]",actual,9.6377,0.006638,0.084739,0.0011503,50.0,07,,,
L0096,60075,60087,66,14.818,False,"[[460.2, 979.681], [464.88, 983.281], [471.0, 989.761]]",actual,3.4081,0.002347,0.029966,0.00040678,50.0,07,,,
L0097,60077,60078,66,17.185,False,"[[260.64, 960.241], [251.64, 974.881]]",actual,3.9526,0.002722,0.034753,0.00047175,50.0,07,,,
L0098,60082,60083,66,10.763,False,"[[444.12, 1050.961], [449.64, 1060.201]]",actual,2.4755,0.001705,0.021766,0.00029546,50.0,07,,,
L0099,60084,60089,66,35.414,False,"[[477.12, 940.08], [478.32, 937.44], [482.64, 939.36], [485.04, 930.72], [488.04, 923.52], [494.88, 914.88]]",actual,8.1452,0.00561,0.071617,0.00097217,50.0,07,,,
L0100,60085,60086,66,10.68,False,"[[487.44, 992.521], [498.12, 992.521]]",actual,2.4564,0.001692,0.021598,0.00029318,50.0,07,,,
L0101,60085,60087,66,16.894,False,"[[471.0, 989.761], [479.16, 992.521], [487.44, 992.521]]",actual,3.8856,0.002676,0.034164,0.00046377,50.0,07,,,
L0102,60085,60253,33,34.625,False,"[[486.12, 998.041], [477.6, 1001.761], [477.6, 1002.192], [477.6, 1002.622], [477.6, 1003.05], [477.6, 1003.477], [477.6, 1003.902], [477.6, 1004.327], [477.6, 1004.751], [477.6, 1005.175], [477.6, 1005.598], [477.6, 1006.021], [477.6, 1006.444], [477.6, 1006.867], [477.6, 1007.291], [477.6, 1007.715], [477.6, 1008.14], [477.6, 1008.565], [477.6, 1008.992], [477.6, 1009.42], [477.6, 1009.85], [477.6, 1010.281], [481.44, 1021.081], [486.72, 1021.921]]",actual,7.9638,0.041464,0.285203,0.00026018,20.0,07,,,
L0103,60086,60088,66,11.119,False,"[[503.16, 992.521], [514.2, 993.841]]",actual,2.5574,0.001761,0.022486,0.00030523,50.0,07,,,
L0104,60090,60101,66,23.318,False,"[[416.04, 881.76], [427.08, 881.76], [431.64, 870.36]]",actual,5.3631,0.003694,0.047155,0.00064011,50.0,07,,,
L0105,60095,60096,66,20.696,False,"[[421.56, 786.6], [441.72, 781.92]]",actual,4.7601,0.003278,0.041853,0.00056814,50.0,07,,,
L0106,60095,60097,66,28.033,False,"[[422.88, 789.24], [425.28, 790.92], [422.16, 798.48], [422.28, 804.6], [432.84, 802.32]]",actual,6.4476,0.00444,0.05669,0.00076955,50.0,07,,,
L0107,60095,60098,66,39.427,False,"[[382.92, 790.44], [422.16, 786.6]]",actual,9.0682,0.006245,0.079732,0.00108233,50.0,07,,,
7109,60113,60114,66,14.64,False,"[[703.44, 478.56], [703.44, 463.92]]",actual,3.3672,0.002319,0.029606,0.00040189,50.0,07,,,
L0108,60118,60242,33,26.604,False,"[[145.8, 991.561], [148.56, 996.961], [151.44, 996.961], [152.76, 1001.041], [159.24, 1001.041], [164.88, 1005.001]]",actual,6.1189,0.031859,0.219135,0.00019991,20.0,07,,,
L0109,60121,60122,66,33.173,False,"[[728.4, 517.08], [735.12, 516.96], [738.36, 503.52], [740.28, 491.04]]",actual,7.6298,0.005255,0.067085,0.00091065,50.0,07,,,
712D,60121,60191,66,31.579,False,"[[725.64, 544.8], [726.12, 533.76], [733.08, 526.8], [735.36, 516.36]]",actual,7.2632,0.005002,0.063861,0.00086689,50.0,07,,,
L0110,60124,60125,66,103.372,False,"[[240.84, 506.88], [257.4, 512.28], [258.72, 531.36], [242.28, 542.28], [238.08, 566.76], [221.64, 581.76]]",actual,23.7756,0.016374,0.209046,0.00283772,50.0,07,,,
L0111,60124,60132,66,16.209,False,"[[244.08, 502.56], [259.32, 508.08]]",actual,3.7281,0.002568,0.032779,0.00044496,50.0,07,,,
L0112,60124,60147,66,11.899,False,"[[244.08, 522.96], [248.52, 511.92]]",actual,2.7368,0.001885,0.024063,0.00032665,50.0,07,,,
L0113,60125,60149,66,21.479,False,"[[205.8, 595.08], [215.04, 594.84], [220.56, 583.92]]",actual,4.9402,0.003402,0.043436,0.00058963,50.0,07,,,
L0114,60126,60127,66,11.283,False,"[[276.6, 564.48], [282.12, 554.64]]",actual,2.5951,0.001787,0.022817,0.00030974,50.0,07,,,
L0115,60127,60130,66,17.163,False,"[[289.92, 553.2], [292.8, 536.28]]",actual,3.9475,0.002719,0.034708,0.00047115,50.0,07,,,
L0116,60127,60131,66,15.12,False,"[[267.0, 553.32], [282.12, 553.32]]",actual,3.4776,0.002395,0.030577,0.00041507,50.0,07,,,
L0117,60127,60129,66,50.713,False,"[[284.52, 553.32], [318.84, 553.32], [319.521, 553.806], [320.195, 554.292], [320.863, 554.778], [321.526, 555.264], [322.185, 555.75], [322.84, 556.236], [323.493, 556.722], [324.143, 557.208], [324.792, 557.694], [325.44, 558.18], [326.088, 558.666], [326.737, 559.152], [327.387, 559.638], [328.04, 560.124], [328.695, 560.61], [329.354, 561.096], [330.017, 561.582], [330.685, 562.068], [331.359, 562.554], [332.04, 563.04]]",actual,11.664,0.008033,0.102555,0.00139215,50.0,07,,,
L0118,60127,60146,66,12.075,False,"[[293.76, 553.2], [295.92, 565.08]]",actual,2.7772,0.001913,0.024419,0.00033148,50.0,07,,,
L0119,60128,60129,66,23.04,False,"[[360.72, 556.44], [337.68, 556.44]]",actual,5.2992,0.00365,0.046593,0.00063248,50.0,07,,,
L0120,60129,60135,66,14.856,False,"[[335.76, 565.56], [340.68, 569.16], [342.12, 577.8]]",actual,3.4169,0.002353,0.030043,0.00040782,50.0,07,,,
L0121,60129,60136,66,31.091,False,"[[309.12, 606.96], [313.08, 591.84], [325.2, 582.24]]",actual,7.1509,0.004925,0.062874,0.00085349,50.0,07,,,
762B,60129,60137,66,15.08,False,"[[341.4, 542.4], [354.84, 535.56]]",actual,3.4684,0.002389,0.030496,0.00041397,50.0,07,,,
L0122,60129,60138,66,25.761,False,"[[336.24, 543.36], [353.28, 524.04]]",actual,5.925,0.004081,0.052096,0.00070718,50.0,07,,,
L0123,60131,60132,66,45.403,False,"[[259.32, 508.08], [263.16, 553.32]]",actual,10.4427,0.007192,0.091817,0.00124638,50.0,07,,,
L0124,60131,60136,66,84.845,False,"[[304.32, 609.6], [268.68, 592.92], [263.04, 591.6], [258.72, 581.88], [258.944, 580.673], [259.182, 579.399], [259.434, 578.063], [259.696, 576.675], [259.969, 575.241], [260.249, 573.768], [260.536, 572.265], [260.828, 570.738], [261.123, 569.196], [261.42, 567.645], [261.717, 566.093], [262.012, 564.548], [262.304, 563.017], [262.591, 561.507], [262.871, 560.027], [263.144, 558.583], [263.406, 557.182], [263.658, 555.834], [263.896, 554.544], [264.12, 553.32]]",actual,19.5144,0.01344,0.171579,0.00232912,50.0,07,,,
L0125,60133,60134,66,11.613,False,"[[237.24, 567.24], [248.52, 564.48]]",actual,2.671,0.00184,0.023485,0.00031879,50.0,07,,,
L0126,60135,60136,66,48.454,False,"[[342.12, 577.8], [324.24, 600.84], [323.595, 601.201], [322.888, 601.598], [322.127, 602.026], [321.318, 602.483], [320.467, 602.963], [319.583, 603.462], [318.671, 603.978], [317.739, 604.505], [316.793, 605.041], [315.84, 605.58], [314.887, 606.119], [313.941, 606.655], [313.009, 607.182], [312.097, 607.698], [311.212, 608.198], [310.362, 608.677], [309.553, 609.134], [308.792, 609.562], [308.085, 609.959], [307.44, 610.32]]",actual,11.1444,0.007675,0.097987,0.00133014,50.0,07,,,
L0127,60136,60139,66,33.199,False,"[[302.88, 577.8], [311.4, 590.76], [311.224, 591.344], [311.022, 592.011], [310.797, 592.752], [310.552, 593.556], [310.29, 594.416], [310.013, 595.322], [309.725, 596.264], [309.428, 597.234], [309.126, 598.223], [308.82, 599.22], [308.514, 600.217], [308.212, 601.206], [307.915, 602.176], [307.627, 603.118], [307.35, 604.024], [307.088, 604.884], [306.843, 605.688], [306.618, 606.429], [306.416, 607.096], [306.24, 607.68]]",actual,7.6358,0.005259,0.067137,0.00091136,50.0,07,,,
L0128,60136,60150,66,44.472,False,"[[285.0, 647.16], [301.44, 626.64], [307.44, 609.48]]",actual,10.2286,0.007044,0.089934,0.00122082,50.0,07,,,
L0129,60141,60142,66,13.92,False,"[[265.8, 591.96], [265.8, 605.88]]",actual,3.2016,0.002205,0.02815,0.00038213,50.0,07,,,
L0130,60143,60144,66,11.642,False,"[[287.76, 602.4], [289.44, 590.88]]",actual,2.6777,0.001844,0.023543,0.00031959,50.0,07,,,
L0131,60143,60145,66,16.647,False,"[[282.12, 606.24], [290.64, 610.32], [290.64, 617.52]]",actual,3.8288,0.002637,0.033665,0.00045699,50.0,07,,,
L0132,60147,60148,66,15.048,False,"[[237.24, 534.36], [245.28, 521.64]]",actual,3.461,0.002384,0.030431,0.00041309,50.0,07,,,
741B,60152,60153,66,12.65,False,"[[649.44, 975.841], [640.8, 966.601]]",actual,2.9095,0.002004,0.025582,0.00034726,50.0,07,,,
742A,60152,60155,66,23.207,False,"[[663.96, 984.721], [652.32, 978.241], [649.56, 975.841], [646.92, 981.481]]",actual,5.3376,0.003676,0.046931,0.00063707,50.0,07,,,
L0133,60155,60156,66,30.153,False,"[[663.96, 983.641], [670.44, 983.281], [675.6, 983.641], [684.0, 989.161], [688.2, 996.481]]",actual,6.9352,0.004776,0.060977,0.00082775,50.0,07,,,
732C,60156,60157,66,31.667,False,"[[697.32, 992.041], [700.68, 993.601], [709.08, 993.841], [713.4, 987.361], [718.8, 983.761], [716.88, 978.841]]",actual,7.2834,0.005016,0.064039,0.00086931,50.0,07,,,
L0134,60156,60158,66,21.277,False,"[[695.88, 995.401], [696.6, 991.921], [707.64, 986.521], [707.04, 981.121]]",actual,4.8937,0.00337,0.043028,0.00058409,50.0,07,,,
L0135,60156,60159,66,27.976,False,"[[690.36, 995.761], [694.92, 994.561], [698.28, 998.401], [698.88, 1002.361], [698.82, 1002.817], [698.747, 1003.285], [698.663, 1003.768], [698.567, 1004.268], [698.46, 1004.787], [698.342, 1005.327], [698.214, 1005.889], [698.076, 1006.476], [697.927, 1007.089], [697.77, 1007.731], [697.604, 1008.404], [697.428, 1009.109], [697.245, 1009.849], [697.054, 1010.625], [696.855, 1011.44], [696.649, 1012.295], [696.436, 1013.193], [696.217, 1014.135], [695.991, 1015.124], [695.76, 1016.161]]",actual,6.4345,0.004431,0.056575,0.00076798,50.0,07,,,
742B,60156,60161,66,34.623,False,"[[687.6, 997.201], [676.68, 1000.441], [657.48, 1013.521]]",actual,7.9633,0.005484,0.070017,0.00095045,50.0,07,,,
L0136,60165,60166,66,19.636,False,"[[716.52, 784.92], [732.84, 795.84]]",actual,4.5163,0.00311,0.039709,0.00053904,50.0,07,,,
L0137,60166,60167,66,14.231,False,"[[740.28, 783.36], [733.44, 795.84]]",actual,3.2731,0.002254,0.028779,0.00039066,50.0,07,,,
L0138,60168,60169,66,10.777,False,"[[176.16, 788.64], [168.48, 781.08]]",actual,2.4787,0.001707,0.021794,0.00029584,50.0,07,,,
L0139,60168,60169,66,14.522,False,"[[180.12, 785.4], [171.6, 773.64]]",actual,3.3401,0.0023,0.029367,0.00039865,50.0,07,,,
L0140,60168,60174,66,22.336,False,"[[170.04, 792.72], [154.92, 776.28]]",actual,5.1373,0.003538,0.045169,0.00061316,50.0,07,,,
L0141,60169,60188,66,46.423,False,"[[181.56, 771.72], [186.96, 770.76], [186.977, 770.903], [186.993, 771.045], [187.006, 771.185], [187.019, 771.324], [187.029, 771.461], [187.039, 771.598], [187.047, 771.734], [187.054, 771.87], [187.06, 772.005], [187.065, 772.14], [187.069, 772.275], [187.072, 772.41], [187.075, 772.546], [187.077, 772.682], [187.078, 772.819], [187.079, 772.956], [187.08, 773.095], [187.08, 773.235], [187.08, 773.377], [187.08, 773.52], [190.2, 773.16], [196.8, 770.28], [214.44, 766.44], [219.24, 757.92]]",actual,10.6773,0.007354,0.09388,0.00127438,50.0,07,,,
742C,60176,60177,66,20.46,False,"[[579.12, 579.36], [581.76, 579.48], [582.071, 579.545], [582.423, 579.632], [582.814, 579.738], [583.237, 579.86], [583.689, 579.998], [584.165, 580.147], [584.66, 580.308], [585.17, 580.477], [585.69, 580.651], [586.215, 580.83], [586.741, 581.011], [587.264, 581.191], [587.778, 581.368], [588.279, 581.541], [588.763, 581.708], [589.225, 581.865], [589.66, 582.011], [590.064, 582.143], [590.432, 582.26], [590.76, 582.36], [593.88, 583.08], [599.04, 582.96]]",actual,4.7058,0.003241,0.041376,0.00056166,50.0,07,,,
L0142,60176,60178,66,30.148,False,"[[577.68, 581.64], [580.56, 581.64], [580.907, 581.743], [581.299, 581.871], [581.729, 582.02], [582.193, 582.189], [582.686, 582.375], [583.204, 582.575], [583.741, 582.787], [584.292, 583.009], [584.854, 583.237], [585.42, 583.47], [585.986, 583.704], [586.548, 583.938], [587.099, 584.169], [587.636, 584.394], [588.154, 584.61], [588.647, 584.816], [589.111, 585.008], [589.541, 585.185], [589.932, 585.343], [590.28, 585.48], [593.88, 590.4], [595.8, 594.84], [601.68, 594.84]]",actual,6.934,0.004776,0.060967,0.00082761,50.0,07,,,
L0143,60183,60184,66,34.967,False,"[[69.12, 826.92], [67.08, 832.32], [70.08, 861.36]]",actual,8.0424,0.005539,0.070713,0.0009599,50.0,07,,,
L0144,60186,60187,66,40.314,False,"[[172.56, 844.92], [172.56, 851.64], [160.2, 851.76], [160.182, 851.616], [160.164, 851.472], [160.146, 851.328], [160.128, 851.184], [160.11, 851.04], [160.092, 850.896], [160.074, 850.752], [160.056, 850.608], [160.038, 850.464], [160.02, 850.32], [160.002, 850.176], [159.984, 850.032], [159.966, 849.888], [159.948, 849.744], [159.93, 849.6], [159.912, 849.456], [159.894, 849.312], [159.876, 849.168], [159.858, 849.024], [159.84, 848.88], [154.32, 848.88], [152.76, 845.28], [145.44, 840.24]]",actual,9.2722,0.006386,0.081526,0.00110668,50.0,07,,,
L0145,60189,60190,66,16.834,False,"[[195.12, 760.92], [199.68, 758.16], [202.32, 762.0], [202.56, 768.84]]",actual,3.8718,0.002667,0.034043,0.00046212,50.0,07,,,
774D,60193,60194,66,119.77,False,"[[489.36, 342.72], [500.16, 351.36], [520.2, 343.8], [551.16, 320.88], [552.36, 312.96], [537.96, 303.12], [517.44, 302.04]]",actual,27.5471,0.018972,0.242207,0.00328787,50.0,07,,,
L0146,60193,60194,66,52.667,False,"[[515.52, 304.08], [489.96, 320.88], [489.96, 342.96]]",actual,12.1134,0.008343,0.106507,0.00144579,50.0,07,,,
L0147,60193,60202,66,81.807,False,"[[490.32, 342.72], [490.337, 343.243], [490.353, 343.767], [490.366, 344.293], [490.379, 344.821], [490.389, 345.349], [490.399, 345.878], [490.407, 346.408], [490.414, 346.938], [490.42, 347.469], [490.425, 348.0], [490.429, 348.531], [490.432, 349.062], [490.435, 349.592], [490.437, 350.122], [490.438, 350.651], [490.439, 351.18], [490.44, 351.707], [490.44, 352.233], [490.44, 352.757], [490.44, 353.28], [501.84, 362.88], [514.92, 395.76], [520.2, 416.04]]",actual,18.8156,0.012958,0.165436,0.00224573,50.0,07,,,
L0148,60193,60205,66,77.926,False,"[[413.88, 344.88], [433.56, 350.88], [450.36, 350.76], [490.2, 343.2]]",actual,17.923,0.012344,0.157587,0.00213919,50.0,07,,,
L0149,60193,60220,66,10.905,False,"[[496.68, 329.52], [501.12, 339.48]]",actual,2.5082,0.001727,0.022053,0.00029936,50.0,07,,,
L0150,60194,60198,66,51.746,False,"[[475.08, 300.96], [478.68, 310.8], [479.938, 310.596], [481.361, 310.347], [482.936, 310.057], [484.647, 309.728], [486.482, 309.364], [488.425, 308.968], [490.462, 308.545], [492.579, 308.097], [494.761, 307.627], [496.995, 307.14], [499.266, 306.638], [501.559, 306.126], [503.86, 305.606], [506.156, 305.081], [508.431, 304.556], [510.671, 304.034], [512.862, 303.518], [514.991, 303.011], [517.041, 302.517], [519.0, 302.04]]",actual,11.9016,0.008197,0.104644,0.00142051,50.0,07,,,
L0151,60194,60203,66,27.542,False,"[[525.0, 275.16], [519.0, 302.04]]",actual,6.3347,0.004363,0.055697,0.00075607,50.0,07,,,
L0152,60194,60203,66,21.23,False,"[[516.48, 276.84], [518.64, 297.96]]",actual,4.8829,0.003363,0.042933,0.0005828,50.0,07,,,
L0153,60194,60215,66,49.403,False,"[[484.2, 273.24], [490.32, 277.68], [493.68, 289.2], [505.68, 289.68], [517.8, 302.76]]",actual,11.3627,0.007826,0.099906,0.00135619,50.0,07,,,
791C,60195,60196,66,20.024,False,"[[441.72, 383.88], [461.64, 385.92]]",actual,4.6055,0.003172,0.040494,0.00054969,50.0,07,,,
794B,60195,60205,66,47.946,False,"[[415.56, 346.44], [434.16, 365.64], [441.12, 385.68]]",actual,11.0276,0.007595,0.09696,0.00131619,50.0,07,,,
L0154,60197,60198,66,61.845,False,"[[462.72, 279.0], [453.6, 290.52], [455.64, 306.24], [461.64, 307.2], [462.72, 311.4], [473.52, 311.04], [473.52, 310.536], [473.52, 310.032], [473.52, 309.528], [473.521, 309.024], [473.522, 308.52], [473.523, 308.016], [473.525, 307.512], [473.528, 307.008], [473.531, 306.504], [473.535, 306.0], [473.54, 305.496], [473.546, 304.992], [473.553, 304.488], [473.561, 303.984], [473.571, 303.48], [473.581, 302.976], [473.594, 302.472], [473.607, 301.968], [473.623, 301.464], [473.64, 300.96]]",actual,14.2244,0.009796,0.125067,0.00169774,50.0,07,,,
L0155,60197,60211,66,11.832,False,"[[452.52, 287.64], [459.6, 278.16]]",actual,2.7214,0.001874,0.023927,0.00032481,50.0,07,,,
L0156,60199,60200,66,15.878,False,"[[400.44, 358.8], [403.44, 362.64], [398.76, 372.6]]",actual,3.6519,0.002515,0.03211,0.00043588,50.0,07,,,
L0157,60200,60205,66,33.912,False,"[[390.12, 368.76], [415.44, 346.2]]",actual,7.7998,0.005372,0.068579,0.00093094,50.0,07,,,
794A,60200,60230,66,39.977,False,"[[374.4, 405.0], [390.48, 368.4]]",actual,9.1947,0.006332,0.080844,0.00109743,50.0,07,,,
796A,60200,60231,66,25.864,False,"[[362.52, 375.6], [373.92, 374.52], [385.8, 366.36]]",actual,5.9487,0.004097,0.052304,0.00071001,50.0,07,,,
764D,60202,60236,66,12.732,False,"[[525.72, 428.28], [520.56, 416.64]]",actual,2.9284,0.002017,0.025748,0.00034951,50.0,07,,,
775A,60203,60204,66,40.407,False,"[[522.84, 273.24], [510.72, 264.84], [522.12, 249.72], [528.84, 249.48]]",actual,9.2936,0.006401,0.081714,0.00110923,50.0,07,,,
L0158,60203,60215,66,27.214,False,"[[483.12, 271.56], [500.4, 269.52], [510.0, 271.56]]",actual,6.2592,0.004311,0.055034,0.00074707,50.0,07,,,
L0159,60205,60206,66,40.048,False,"[[416.4, 343.8], [426.0, 304.92]]",actual,9.211,0.006344,0.080988,0.00109938,50.0,07,,,
L0160,60205,60207,66,36.354,False,"[[417.0, 344.52], [440.52, 316.8]]",actual,8.3614,0.005759,0.073518,0.00099797,50.0,07,,,
L0161,60205,60210,66,53.49,False,"[[413.52, 345.36], [385.92, 366.12], [373.32, 351.96]]",actual,12.3027,0.008473,0.108171,0.00146838,50.0,07,,,
L0162,60205,60224,66,15.72,False,"[[413.76, 328.08], [413.76, 343.8]]",actual,3.6156,0.00249,0.03179,0.00043154,50.0,07,,,
L0163,60206,60211,66,22.981,False,"[[426.6, 302.88], [447.48, 293.28]]",actual,5.2856,0.00364,0.046474,0.00063086,50.0,07,,,
L0164,60208,60209,66,13.587,False,"[[428.52, 270.36], [436.44, 259.32]]",actual,3.125,0.002152,0.027477,0.00037298,50.0,07,,,
L0165,60209,60211,66,34.955,False,"[[438.0, 259.32], [446.28, 293.28]]",actual,8.0396,0.005537,0.070688,0.00095957,50.0,07,,,
L0166,60209,60212,66,16.044,False,"[[440.52, 260.16], [446.52, 275.04]]",actual,3.6901,0.002541,0.032445,0.00044043,50.0,07,,,
L0167,60211,60212,66,13.956,False,"[[446.52, 275.04], [452.52, 287.64]]",actual,3.2099,0.002211,0.028223,0.00038311,50.0,07,,,
742K,60213,60214,66,22.29,False,"[[556.8, 291.12], [560.16, 295.08], [565.92, 297.12], [567.12, 308.04]]",actual,5.1267,0.003531,0.045076,0.00061189,50.0,07,,,
L0168,60215,60216,66,13.306,False,"[[482.76, 271.32], [484.44, 284.52]]",actual,3.0604,0.002108,0.026908,0.00036527,50.0,07,,,
742J,60218,60219,66,59.127,False,"[[556.08, 304.08], [560.76, 310.56], [566.76, 308.76], [568.146, 308.645], [569.802, 308.517], [571.696, 308.378], [573.8, 308.228], [576.082, 308.07], [578.515, 307.905], [581.066, 307.734], [583.708, 307.558], [586.409, 307.38], [589.14, 307.2], [591.871, 307.02], [594.572, 306.842], [597.214, 306.667], [599.765, 306.495], [602.197, 306.33], [604.48, 306.172], [606.584, 306.022], [608.478, 305.883], [610.134, 305.755], [611.52, 305.64]]",actual,13.5992,0.009366,0.119571,0.00162313,50.0,07,,,
L0169,60222,60223,66,11.936,False,"[[498.96, 269.52], [501.0, 281.28]]",actual,2.7453,0.001891,0.024138,0.00032766,50.0,07,,,
L0170,60225,60226,66,39.017,False,"[[432.84, 325.56], [435.36, 327.24], [437.044, 326.724], [438.745, 326.22], [440.462, 325.725], [442.192, 325.239], [443.934, 324.761], [445.686, 324.289], [447.445, 323.823], [449.209, 323.36], [450.976, 322.899], [452.745, 322.44], [454.513, 321.981], [456.277, 321.52], [458.037, 321.057], [459.79, 320.591], [461.533, 320.119], [463.265, 319.641], [464.984, 319.155], [466.688, 318.66], [468.374, 318.156], [470.04, 317.64]]",actual,8.9739,0.00618,0.078903,0.00107108,50.0,07,,,
L0171,60226,60227,66,14.556,False,"[[458.28, 321.0], [462.12, 335.04]]",actual,3.3479,0.002306,0.029436,0.00039958,50.0,07,,,
L0172,60228,60229,66,19.041,False,"[[450.84, 331.08], [453.6, 349.92]]",actual,4.3794,0.003016,0.038506,0.0005227,50.0,07,,,
L0173,60232,60233,66,20.794,False,"[[493.8, 392.64], [496.44, 386.4], [503.04, 381.24], [508.2, 378.96]]",actual,4.7826,0.003294,0.042051,0.00057083,50.0,07,,,
778A,60233,60234,66,10.874,False,"[[500.76, 383.52], [504.84, 393.6]]",actual,2.501,0.001722,0.02199,0.00029851,50.0,07,,,
L0174,60233,60235,66,13.132,False,"[[502.68, 381.6], [499.68, 375.6], [494.28, 372.12]]",actual,3.0204,0.00208,0.026556,0.00036049,50.0,07,,,
L0175,60240,60241,33,47.926,False,"[[100.56, 1007.161], [94.92, 1026.601], [87.96, 1026.601], [79.56, 1029.961], [70.56, 1022.521]]",actual,11.023,0.057392,0.394762,0.00036012,20.0,07,,,
L0176,60240,60275,66,30.837,False,"[[101.52, 1008.001], [108.24, 1016.881], [127.08, 1011.121]]",actual,7.0925,0.004885,0.062361,0.00084652,50.0,07,,,
L0177,60243,60244,33,12.072,False,"[[510.0, 845.88], [522.0, 847.2]]",actual,2.7766,0.014456,0.099436,9.071e-05,20.0,07,,,
L0178,60243,60245,33,23.799,False,"[[509.16, 847.68], [510.0, 837.24], [513.6, 831.0], [513.599, 830.694], [513.597, 830.388], [513.593, 830.082], [513.587, 829.776], [513.581, 829.47], [513.574, 829.164], [513.566, 828.858], [513.558, 828.552], [513.549, 828.246], [513.54, 827.94], [513.531, 827.634], [513.522, 827.328], [513.514, 827.022], [513.506, 826.716], [513.499, 826.41], [513.492, 826.104], [513.487, 825.798], [513.483, 825.492], [513.481, 825.186], [513.48, 824.88]]",actual,5.4738,0.0285,0.19603,0.00017883,20.0,07,,,
L0179,60244,60261,33,46.227,False,"[[521.04, 856.08], [521.111, 855.576], [521.181, 855.072], [521.249, 854.568], [521.315, 854.065], [521.381, 853.562], [521.446, 853.059], [521.51, 852.557], [521.574, 852.056], [521.637, 851.555], [521.7, 851.055], [521.763, 850.556], [521.826, 850.058], [521.89, 849.561], [521.954, 849.065], [522.019, 848.571], [522.084, 848.077], [522.151, 847.586], [522.219, 847.095], [522.289, 846.607], [522.36, 846.12], [531.84, 843.84], [543.0, 843.36], [551.52, 849.0], [551.64, 854.04]]",actual,10.6322,0.055358,0.380768,0.00034735,20.0,07,,,
7606,60246,60247,33,20.11,False,"[[582.96, 685.44], [580.2, 705.36]]",actual,4.6253,0.024082,0.165644,0.00015111,20.0,07,,,
711J,60248,60249,33,28.714,False,"[[684.36, 307.68], [678.36, 279.6]]",actual,6.6042,0.034386,0.236515,0.00021576,20.0,07,,,
L0180,60248,60250,33,59.822,False,"[[678.36, 367.2], [684.36, 307.68]]",actual,13.7591,0.071638,0.492749,0.00044951,20.0,07,,,
L0181,60249,60251,33,57.435,False,"[[679.44, 279.6], [696.12, 224.64]]",actual,13.2101,0.06878,0.473087,0.00043157,20.0,07,,,
L0182,60254,60255,33,14.699,False,"[[543.12, 843.48], [546.96, 835.68], [552.96, 835.44]]",actual,3.3808,0.017602,0.121074,0.00011045,20.0,07,,,
L0183,60259,60260,33,12.38,False,"[[498.36, 865.08], [499.016, 865.259], [499.652, 865.437], [500.271, 865.613], [500.874, 865.788], [501.465, 865.961], [502.045, 866.134], [502.616, 866.306], [503.181, 866.478], [503.742, 866.649], [504.3, 866.82], [504.858, 866.991], [505.419, 867.162], [505.984, 867.334], [506.555, 867.506], [507.135, 867.679], [507.726, 867.852], [508.329, 868.027], [508.948, 868.203], [509.584, 868.381], [510.24, 868.56]]",actual,2.8474,0.014825,0.101973,9.302e-05,20.0,07,,,
L0184,60262,60263,33,73.987,False,"[[79.68, 550.32], [82.92, 556.32], [89.76, 557.64], [91.08, 563.52], [87.96, 568.8], [74.04, 580.8], [72.84, 610.44]]",actual,17.017,0.088601,0.609425,0.00055595,20.0,07,,,
L0185,60262,60267,33,35.693,False,"[[56.64, 526.44], [61.2, 533.76], [74.04, 539.88], [80.4, 551.04]]",actual,8.2094,0.042743,0.294,0.0002682,20.0,07,,,
L0186,60262,60266,33,18.193,False,"[[78.24, 549.12], [93.84, 539.76]]",actual,4.1844,0.021786,0.149854,0.0001367,20.0,07,,,
L0187,60264,60265,33,20.77,False,"[[110.76, 493.56], [109.68, 488.28], [112.56, 478.8], [109.2, 474.48]]",actual,4.7771,0.024873,0.171081,0.00015607,20.0,07,,,
L0188,60264,60266,33,51.349,False,"[[94.2, 539.28], [95.64, 518.04], [104.04, 496.8], [111.0, 494.88]]",actual,11.8103,0.061491,0.422957,0.00038584,20.0,07,,,
L0189,60264,60269,33,11.116,False,"[[112.56, 496.08], [107.76, 501.84], [107.757, 502.112], [107.75, 502.352], [107.739, 502.566], [107.724, 502.756], [107.706, 502.926], [107.685, 503.079], [107.664, 503.219], [107.641, 503.349], [107.618, 503.473], [107.595, 503.595], [107.573, 503.718], [107.553, 503.844], [107.534, 503.979], [107.519, 504.126], [107.507, 504.287], [107.499, 504.467], [107.496, 504.668], [107.498, 504.895], [107.505, 505.151], [107.52, 505.44]]",actual,2.5567,0.013312,0.091562,8.353e-05,20.0,07,,,
L0190,60267,60268,33,48.441,False,"[[58.44, 526.08], [57.0, 513.36], [72.36, 481.2]]",actual,11.1414,0.058009,0.399004,0.00036399,20.0,07,,,
L0191,60267,60272,33,18.373,False,"[[55.8, 550.32], [55.2, 544.32], [60.72, 533.28]]",actual,4.2258,0.022002,0.151337,0.00013806,20.0,07,,,
L0192,60270,60271,33,13.75,False,"[[90.48, 560.64], [104.04, 558.36]]",actual,3.1625,0.016466,0.113258,0.00010332,20.0,07,,,
L0193,60275,60276,66,10.373,False,"[[127.08, 1011.121], [130.86, 1020.781]]",actual,2.3858,0.001643,0.020977,0.00028475,50.0,07,,,
L0194,60277,60278,66,13.619,False,"[[419.569, 898.748], [407.46, 904.98]]",actual,3.1324,0.002157,0.027541,0.00037386,50.0,07,,,
G0195,60280,60046,66,17.89,False,,provisional,4.1147,0.002834,0.036178,0.00049111,50.0,07,,,
G0196,60281,60079,66,12.42,False,,provisional,2.8566,0.001967,0.025117,0.00034095,50.0,07,,,
G0197,60282,60253,66,4.33,False,,provisional,0.9959,0.000686,0.008756,0.00011887,50.0,07,,,
G0198,60283,60046,66,21.38,False,,provisional,4.9174,0.003387,0.043236,0.00058691,50.0,07,,,
G0199,60284,60000,66,31.92,False,,provisional,7.3416,0.005056,0.064551,0.00087625,50.0,07,,,
G0200,60285,60030,66,9.14,False,,provisional,2.1022,0.001448,0.018484,0.00025091,50.0,07,,,
G0201,60286,60025,66,31.97,False,,provisional,7.3531,0.005064,0.064652,0.00087762,50.0,07,,,
G0202,60287,60081,66,3.64,False,,provisional,0.8372,0.000577,0.007361,9.992e-05,50.0,07,,,
G0203,60289,60053,66,3.2,False,,provisional,0.736,0.000507,0.006471,8.784e-05,50.0,07,,,
G0204,60290,60007,66,9.16,False,,provisional,2.1068,0.001451,0.018524,0.00025146,50.0,07,,,
G0205,60291,60178,66,7.38,False,,provisional,1.6974,0.001169,0.014924,0.00020259,50.0,07,,,
G0206,60292,60178,66,10.15,False,,provisional,2.3345,0.001608,0.020526,0.00027863,50.0,07,,,
G0207,60293,60025,66,12.69,False,,provisional,2.9187,0.00201,0.025663,0.00034836,50.0,07,,,
G0208,60294,60106,66,27.12,False,,provisional,6.2376,0.004296,0.054844,0.00074449,50.0,07,,,
B0209,60055,60119,66,33.259,False,,provisional,7.6496,0.005268,0.067259,0.00091301,50.0,07,,,
B0210,60028,60291,66,59.731,False,,provisional,13.7381,0.009462,0.120792,0.00163971,50.0,07,,,
B0211,60294,60286,66,36.26,False,,provisional,8.3398,0.005744,0.073327,0.00099539,50.0,07,,,
B0212,60120,60191,66,34.006,False,,provisional,7.8214,0.005387,0.068769,0.00093352,50.0,07,,,
B0213,60247,60039,66,24.771,False,,provisional,5.6973,0.003924,0.050094,0.00068,50.0,07,,,
B0214,60093,60057,66,40.566,False,,provisional,9.3302,0.006426,0.082035,0.0011136,50.0,07,,,
B0215,60122,60113,66,38.896,False,,provisional,8.9461,0.006161,0.078658,0.00106775,50.0,07,,,
B0216,60276,60118,66,36.352,False,,provisional,8.361,0.005758,0.073513,0.00099792,50.0,07,,,
B0217,60261,60254,66,13.568,False,,bridge,3.1206,0.002149,0.027438,0.00037246,50.0,07,,,
B0218,60245,60259,66,42.949,False,,provisional,9.8783,0.006803,0.086854,0.00117901,50.0,07,,,
B0219,60293,60031,66,54.705,False,,provisional,12.5822,0.008665,0.110628,0.00150173,50.0,07,,,
B0220,60099,60058,66,12.527,False,,bridge,2.8812,0.001984,0.025333,0.00034389,50.0,07,,,
B0221,60177,60104,66,28.398,False,,provisional,6.5315,0.004498,0.057428,0.00077957,50.0,07,,,
B0222,60104,60105,66,32.6,False,,provisional,7.498,0.005164,0.065926,0.00089492,50.0,07,,,
B0223,60290,60107,66,28.736,False,,provisional,6.6093,0.004552,0.058112,0.00078885,50.0,07,,,
B0224,60282,60109,66,48.055,False,,provisional,11.0526,0.007612,0.09718,0.00131918,50.0,07,,,
B0225,60109,60110,66,13.8,False,,bridge,3.174,0.002186,0.027907,0.00037883,50.0,07,,,
B0226,60027,60115,66,17.082,False,,bridge,3.9289,0.002706,0.034544,0.00046893,50.0,07,,,
B0227,60115,60116,66,16.426,False,,bridge,3.778,0.002602,0.033218,0.00045092,50.0,07,,,
B0228,60284,60123,66,28.987,False,,provisional,6.667,0.004592,0.058619,0.00079574,50.0,07,,,
B0229,60058,60179,66,17.171,False,,bridge,3.9493,0.00272,0.034724,0.00047137,50.0,07,,,
B0230,60018,60257,66,31.222,False,,provisional,7.1811,0.004946,0.063139,0.00085709,50.0,07,,,
B0231,60241,60258,66,21.864,False,,bridge,5.0287,0.003463,0.044215,0.0006002,50.0,07,,,
B0232,60076,60274,66,53.124,False,,provisional,12.2185,0.008415,0.107431,0.00145833,50.0,07,,,
B0233,60274,60021,66,34.179,False,,provisional,7.8612,0.005414,0.069119,0.00093827,50.0,07,,,
B0234,60173,60174,66,17.793,False,,bridge,4.0924,0.002818,0.035982,0.00048844,50.0,07,,,
B0235,60175,60187,66,31.174,False,,provisional,7.17,0.004938,0.063042,0.00085577,50.0,07,,,
B0236,60188,60190,66,19.937,False,,bridge,4.5855,0.003158,0.040318,0.0005473,50.0,07,,,
B0237,60171,60170,66,37.022,False,,provisional,8.5151,0.005864,0.074868,0.00101631,50.0,07,,,
B0238,60182,60172,66,36.946,False,,provisional,8.4976,0.005852,0.074715,0.00101422,50.0,07,,,
B0239,60056,60279,66,36.499,False,,provisional,8.3948,0.005782,0.073811,0.00100195,50.0,07,,,
I0240,60123,60236,66,98.274,False,,inset_provisional,22.603,0.015567,0.198736,0.00269777,50.0,07,,,
I0241,60279,60128,66,92.73,False,,inset_provisional,21.3279,0.014689,0.187525,0.00254558,50.0,07,,,
I0242,60148,60269,66,132.905,False,,inset_provisional,30.5682,0.021052,0.26877,0.00364844,50.0,07,,,
I0243,60116,60165,66,139.241,False,,inset_provisional,32.0254,0.022056,0.281583,0.00382238,50.0,07,,,
I0244,60088,60153,66,129.497,False,,inset_provisional,29.7843,0.020513,0.261878,0.00355489,50.0,07,,,
I0245,60157,60151,66,32.462,False,,inset_provisional,7.4663,0.005142,0.065647,0.00089113,50.0,07,,,
I0246,60196,60232,66,32.855,False,,inset_provisional,7.5566,0.005204,0.066442,0.00090192,50.0,07,,,
I0247,60139,60144,66,18.754,False,,inset_provisional,4.3134,0.002971,0.037926,0.00051483,50.0,07,,,
I0248,60207,60225,66,11.65,False,,inset_provisional,2.6795,0.001845,0.023559,0.00031981,50.0,07,,,
I0249,60126,60134,66,28.08,False,,inset_provisional,6.4584,0.004448,0.056785,0.00077084,50.0,07,,,
I0250,60145,60142,66,27.432,False,,inset_provisional,6.3094,0.004345,0.055475,0.00075305,50.0,07,,,
I0251,60204,60213,66,50.156,False,,inset_provisional,11.5359,0.007945,0.101429,0.00137686,50.0,07,,,
I0252,60214,60218,66,13.303,False,,inset_provisional,3.0597,0.002107,0.026902,0.00036519,50.0,07,,,
I0253,60216,60223,66,16.874,False,,inset_provisional,3.881,0.002673,0.034124,0.00046322,50.0,07,,,
I0254,60227,60228,66,11.955,False,,inset_provisional,2.7496,0.001894,0.024176,0.00032818,50.0,07,,,
I0255,60272,60270,66,36.183,False,,inset_provisional,8.3221,0.005731,0.073172,0.00099328,50.0,07,,,
I0256,60150,60140,66,24.114,False,,inset_provisional,5.5462,0.00382,0.048765,0.00066197,50.0,07,,,
I0257,60154,60160,66,19.259,False,,inset_provisional,4.4296,0.003051,0.038947,0.00052869,50.0,07,,,
I0258,60230,60201,66,18.835,False,,inset_provisional,4.3321,0.002984,0.038089,0.00051705,50.0,07,,,
I0259,60229,60217,66,31.325,False,,inset_provisional,7.2047,0.004962,0.063348,0.00085992,50.0,07,,,
I0260,60219,60221,66,46.212,False,,inset_provisional,10.6288,0.00732,0.093453,0.00126859,50.0,07,,,
I0261,60221,60237,66,21.235,False,,inset_provisional,4.8841,0.003364,0.042943,0.00058293,50.0,07,,,
I0262,60237,60238,66,11.501,False,,inset_provisional,2.6452,0.001822,0.023258,0.00031572,50.0,07,,,
I0263,60220,60239,66,25.382,False,,inset_provisional,5.8379,0.004021,0.051329,0.00069677,50.0,07,,,
I0264,60092,60273,66,90.695,False,,inset_provisional,20.8598,0.014366,0.18341,0.00248971,50.0,07,,,
I0265,60265,60288,66,95.213,False,,inset_provisional,21.899,0.015082,0.192546,0.00261374,50.0,07,,,
XFRM9000,60295,60061,66,0.0,,,transformer,0.0,0.005,0.1,0.0,80.0,07,True,,
XFRM9001,60296,60032,66,0.0,,,transformer,0.0,0.005,0.1,0.0,80.0,07,True,,
XFRM9002,60297,60240,66,0.0,,,transformer,0.0,0.005,0.1,0.0,80.0,07,True,,
XPREF_33_20030,33,20030,66,0.0,,,cross_prefecture,50.0,0.034435,0.439624,0.00596772,50.0,,False,01,03
XPREF_33_20088,33,20088,66,0.0,,,cross_prefecture,50.0,0.034435,0.439624,0.00596772,50.0,,False,01,03
XPREF_33_20097,33,20097,66,0.0,,,cross_prefecture,50.0,0.034435,0.439624,0.00596772,50.0,,False,01,03
XPREF_33_20111,33,20111,66,0.0,,,cross_prefecture,50.0,0.034435,0.439624,0.00596772,50.0,,False,01,03
XPREF_33_20167,33,20167,66,0.0,,,cross_prefecture,50.0,0.034435,0.439624,0.00596772,50.0,,False,01,03
XPREF_33_20172,33,20172,66,0.0,,,cross_prefecture,50.0,0.034435,0.439624,0.00596772,50.0,,False,01,03
XPREF_33_20180,33,20180,66,0.0,,,cross_prefecture,50.0,0.034435,0.439624,0.00596772,50.0,,False,01,03
XPREF_33_20184,33,20184,66,0.0,,,cross_prefecture,50.0,0.034435,0.439624,0.00596772,50.0,,False,01,03
XPREF_33_20190,33,20190,66,0.0,,,cross_prefecture,50.0,0.034435,0.439624,0.00596772,50.0,,False,01,03
XPREF_77_20088,77,20088,66,0.0,,,cross_prefecture,50.0,0.034435,0.439624,0.00596772,50.0,,False,01,03
XPREF_77_20180,77,20180,66,0.0,,,cross_prefecture,50.0,0.034435,0.439624,0.00596772,50.0,,False,01,03
XPREF_108_20167,108,20167,66,0.0,,,cross_prefecture,50.0,0.034435,0.439624,0.00596772,50.0,,False,01,03
XPREF_118_20088,118,20088,66,0.0,,,cross_prefecture,50.0,0.034435,0.439624,0.00596772,50.0,,False,01,03
XPREF_118_20180,118,20180,66,0.0,,,cross_prefecture,50.0,0.034435,0.439624,0.00596772,50.0,,False,01,03
XPREF_143_10033,143,10033,66,0.0,,,cross_prefecture,50.0,0.034435,0.439624,0.00596772,50.0,,False,01,02
XPREF_155_20030,155,20030,66,0.0,,,cross_prefecture,50.0,0.034435,0.439624,0.00596772,50.0,,False,01,03
XPREF_155_20088,155,20088,66,0.0,,,cross_prefecture,50.0,0.034435,0.439624,0.00596772,50.0,,False,01,03
XPREF_155_20167,155,20167,66,0.0,,,cross_prefecture,50.0,0.034435,0.439624,0.00596772,50.0,,False,01,03
XPREF_155_20180,155,20180,66,0.0,,,cross_prefecture,50.0,0.034435,0.439624,0.00596772,50.0,,False,01,03
XPREF_155_20184,155,20184,66,0.0,,,cross_prefecture,50.0,0.034435,0.439624,0.00596772,50.0,,False,01,03
XPREF_155_20190,155,20190,66,0.0,,,cross_prefecture,50.0,0.034435,0.439624,0.00596772,50.0,,False,01,03
XPREF_161_20030,161,20030,66,0.0,,,cross_prefecture,50.0,0.034435,0.439624,0.00596772,50.0,,False,01,03
XPREF_161_20088,161,20088,66,0.0,,,cross_prefecture,50.0,0.034435,0.439624,0.00596772,50.0,,False,01,03
XPREF_161_20180,161,20180,66,0.0,,,cross_prefecture,50.0,0.034435,0.439624,0.00596772,50.0,,False,01,03
XPREF_164_20167,164,20167,66,0.0,,,cross_prefecture,50.0,0.034435,0.439624,0.00596772,50.0,,False,01,03
XPREF_164_20184,164,20184,66,0.0,,,cross_prefecture,50.0,0.034435,0.439624,0.00596772,50.0,,False,01,03
XPREF_164_20190,164,20190,66,0.0,,,cross_prefecture,50.0,0.034435,0.439624,0.00596772,50.0,,False,01,03
XPREF_169_20167,169,20167,66,0.0,,,cross_prefecture,50.0,0.034435,0.439624,0.00596772,50.0,,False,01,03
XPREF_169_20190,169,20190,66,0.0,,,cross_prefecture,50.0,0.034435,0.439624,0.00596772,50.0,,False,01,03
XPREF_172_20030,172,20030,66,0.0,,,cross_prefecture,50.0,0.034435,0.439624,0.00596772,50.0,,False,01,03
XPREF_172_20088,172,20088,66,0.0,,,cross_prefecture,50.0,0.034435,0.439624,0.00596772,50.0,,False,01,03
XPREF_172_20111,172,20111,66,0.0,,,cross_prefecture,50.0,0.034435,0.439624,0.00596772,50.0,,False,01,03
XPREF_172_20180,172,20180,66,0.0,,,cross_prefecture,50.0,0.034435,0.439624,0.00596772,50.0,,False,01,03
XPREF_201_20097,201,20097,66,0.0,,,cross_prefecture,50.0,0.034435,0.439624,0.00596772,50.0,,False,01,03
XPREF_201_20184,201,20184,66,0.0,,,cross_prefecture,50.0,0.034435,0.439624,0.00596772,50.0,,False,01,03
XPREF_201_20190,201,20190,66,0.0,,,cross_prefecture,50.0,0.034435,0.439624,0.00596772,50.0,,False,01,03
XPREF_204_10033,204,10033,66,0.0,,,cross_prefecture,50.0,0.034435,0.439624,0.00596772,50.0,,False,01,02
XPREF_204_10036,204,10036,66,0.0,,,cross_prefecture,50.0,0.034435,0.439624,0.00596772,50.0,,False,01,02
XPREF_204_20097,204,20097,66,0.0,,,cross_prefecture,50.0,0.034435,0.439624,0.00596772,50.0,,False,01,03
XPREF_204_20190,204,20190,66,0.0,,,cross_prefecture,50.0,0.034435,0.439624,0.00596772,50.0,,False,01,03
XPREF_210_20030,210,20030,66,0.0,,,cross_prefecture,50.0,0.034435,0.439624,0.00596772,50.0,,False,01,03
XPREF_210_20088,210,20088,66,0.0,,,cross_prefecture,50.0,0.034435,0.439624,0.00596772,50.0,,False,01,03
XPREF_210_20180,210,20180,66,0.0,,,cross_prefecture,50.0,0.034435,0.439624,0.00596772,50.0,,False,01,03
XPREF_217_10033,217,10033,66,0.0,,,cross_prefecture,50.0,0.034435,0.439624,0.00596772,50.0,,False,01,02
XPREF_10060_30063,10060,30063,66,0.0,,,cross_prefecture,50.0,0.034435,0.439624,0.00596772,50.0,,False,02,04
XPREF_10186_30063,10186,30063,66,0.0,,,cross_prefecture,50.0,0.034435,0.439624,0.00596772,50.0,,False,02,04
XPREF_20080_40087,20080,40087,66,0.0,,,cross_prefecture,50.0,0.034435,0.439624,0.00596772,50.0,,False,03,05
XPREF_20080_40104,20080,40104,66,0.0,,,cross_prefecture,50.0,0.034435,0.439624,0.00596772,50.0,,False,03,05
XPREF_20080_40148,20080,40148,66,0.0,,,cross_prefecture,50.0,0.034435,0.439624,0.00596772,50.0,,False,03,05
XPREF_20111_40087,20111,40087,66,0.0,,,cross_prefecture,50.0,0.034435,0.439624,0.00596772,50.0,,False,03,05
XPREF_30076_40052,30076,40052,66,0.0,,,cross_prefecture,50.0,0.034435,0.439624,0.00596772,50.0,,False,04,05
XPREF_30076_40054,30076,40054,66,0.0,,,cross_prefecture,50.0,0.034435,0.439624,0.00596772,50.0,,False,04,05
XPREF_30076_50101,30076,50101,66,0.0,,,cross_prefecture,50.0,0.034435,0.439624,0.00596772,50.0,,False,04,06
XPREF_30076_50152,30076,50152,66,0.0,,,cross_prefecture,50.0,0.034435,0.439624,0.00596772,50.0,,False,04,06
XPREF_30076_50174,30076,50174,66,0.0,,,cross_prefecture,50.0,0.034435,0.439624,0.00596772,50.0,,False,04,06
XPREF_30076_50354,30076,50354,66,0.0,,,cross_prefecture,50.0,0.034435,0.439624,0.00596772,50.0,,False,04,06
XPREF_30076_50393,30076,50393,66,0.0,,,cross_prefecture,50.0,0.034435,0.439624,0.00596772,50.0,,False,04,06
XPREF_30076_50400,30076,50400,66,0.0,,,cross_prefecture,50.0,0.034435,0.439624,0.00596772,50.0,,False,04,06
XPREF_30307_40052,30307,40052,66,0.0,,,cross_prefecture,50.0,0.034435,0.439624,0.00596772,50.0,,False,04,05
XPREF_30307_40054,30307,40054,66,0.0,,,cross_prefecture,50.0,0.034435,0.439624,0.00596772,50.0,,False,04,05
XPREF_30307_50101,30307,50101,66,0.0,,,cross_prefecture,50.0,0.034435,0.439624,0.00596772,50.0,,False,04,06
XPREF_30307_50152,30307,50152,66,0.0,,,cross_prefecture,50.0,0.034435,0.439624,0.00596772,50.0,,False,04,06
XPREF_30307_50354,30307,50354,66,0.0,,,cross_prefecture,50.0,0.034435,0.439624,0.00596772,50.0,,False,04,06
XPREF_30307_50400,30307,50400,66,0.0,,,cross_prefecture,50.0,0.034435,0.439624,0.00596772,50.0,,False,04,06
XPREF_30315_40052,30315,40052,66,0.0,,,cross_prefecture,50.0,0.034435,0.439624,0.00596772,50.0,,False,04,05
XPREF_30315_40054,30315,40054,66,0.0,,,cross_prefecture,50.0,0.034435,0.439624,0.00596772,50.0,,False,04,05
XPREF_30315_50152,30315,50152,66,0.0,,,cross_prefecture,50.0,0.034435,0.439624,0.00596772,50.0,,False,04,06
XPREF_30315_50400,30315,50400,66,0.0,,,cross_prefecture,50.0,0.034435,0.439624,0.00596772,50.0,,False,04,06
XPREF_30333_50354,30333,50354,66,0.0,,,cross_prefecture,50.0,0.034435,0.439624,0.00596772,50.0,,False,04,06
XPREF_30333_50367,30333,50367,66,0.0,,,cross_prefecture,50.0,0.034435,0.439624,0.00596772,50.0,,False,04,06
XPREF_40054_60251,40054,60251,66,0.0,,,cross_prefecture,50.0,0.034435,0.439624,0.00596772,50.0,,False,05,07
XPREF_40094_60024,40094,60024,66,0.0,,,cross_prefecture,50.0,0.034435,0.439624,0.00596772,50.0,,False,05,07
XPREF_40094_60040,40094,60040,66,0.0,,,cross_prefecture,50.0,0.034435,0.439624,0.00596772,50.0,,False,05,07
XPREF_40094_60222,40094,60222,66,0.0,,,cross_prefecture,50.0,0.034435,0.439624,0.00596772,50.0,,False,05,07
XPREF_40094_60251,40094,60251,66,0.0,,,cross_prefecture,50.0,0.034435,0.439624,0.00596772,50.0,,False,05,07
XPREF_40104_60251,40104,60251,66,0.0,,,cross_prefecture,50.0,0.034435,0.439624,0.00596772,50.0,,False,05,07
XPREF_40148_60251,40148,60251,66,0.0,,,cross_prefecture,50.0,0.034435,0.439624,0.00596772,50.0,,False,05,07
XPREF_50213_60159,50213,60159,66,0.0,,,cross_prefecture,50.0,0.034435,0.439624,0.00596772,50.0,,False,06,07
XPREF_50213_60161,50213,60161,66,0.0,,,cross_prefecture,50.0,0.034435,0.439624,0.00596772,50.0,,False,06,07
XPREF_50242_60159,50242,60159,66,0.0,,,cross_prefecture,50.0,0.034435,0.439624,0.00596772,50.0,,False,06,07
XPREF_50242_60161,50242,60161,66,0.0,,,cross_prefecture,50.0,0.034435,0.439624,0.00596772,50.0,,False,06,07
XPREF_50261_60159,50261,60159,66,0.0,,,cross_prefecture,50.0,0.034435,0.439624,0.00596772,50.0,,False,06,07
XPREF_50261_60161,50261,60161,66,0.0,,,cross_prefecture,50.0,0.034435,0.439624,0.00596772,50.0,,False,06,07
XPREF_50264_60159,50264,60159,66,0.0,,,cross_prefecture,50.0,0.034435,0.439624,0.00596772,50.0,,False,06,07
XPREF_50264_60161,50264,60161,66,0.0,,,cross_prefecture,50.0,0.034435,0.439624,0.00596772,50.0,,False,06,07
XPREF_50387_60040,50387,60040,66,0.0,,,cross_prefecture,50.0,0.034435,0.439624,0.00596772,50.0,,False,06,07
XPREF_50387_60159,50387,60159,66,0.0,,,cross_prefecture,50.0,0.034435,0.439624,0.00596772,50.0,,False,06,07
XPREF_50402_60159,50402,60159,66,0.0,,,cross_prefecture,50.0,0.034435,0.439624,0.00596772,50.0,,False,06,07
